Title,Link,Skills
Software Engineer Apprentice (October 2021- March 2022),https://www.indeed.com/rc/clk?jk=bc2301f0ce427cfc&fccid=7af474979a2ce5fb&vjs=3,"{'node.js', 'elixir', 'es6', 'design', 'mobile', 'engineering', 'computer-science', 'typescript', 'support', 'testing', 'react', 'ruby', 'css', 'redux', 'software-engineering', 'python'}"
Software Engineer-Remote OK,https://www.indeed.com/rc/clk?jk=d819ac132ac30c99&fccid=aef928e89977f7f0&vjs=3,"{'docker', 'security', 'design', 'engineering', 'testing', 'shell', 'support', 'kubernetes', 'debugging', 'python', 'languages', 'software'}"
Entry Level Full Stack Software Engineer,https://www.indeed.com/rc/clk?jk=b3a37468aa5fe5b7&fccid=1b866506aec22461&vjs=3,"{'mysql', 'system-integration', 'git', 'new-relic', 'jenkins', 'html', 'linux', 'rspec', 'software', 'nodejs', 'design', 'framework', 'react', 'css', 'database', 'computer-science', 'rails', 'business', 'ruby', 'schedule', 'javascript', 'scalability'}"
Software Engineer (Recent Graduate),https://www.indeed.com/rc/clk?jk=9b6cad7f40080b62&fccid=ba0b4ef452449c10&vjs=3,"{'mobile', 'design', 'ios', 'algorithm', 'git', 'engineering', 'computer-science', 'support', 'android', 'data-structures', 'business', 'software-engineering', 'software'}"
newSoftware Engineer,https://www.indeed.com/rc/clk?jk=b884f8b42d2e00f7&fccid=858b91c1e4506185&vjs=3,set()
newStaff Software Engineer,https://www.indeed.com/company/PlanetArt/jobs/Staff-Software-Engineer-55652a6644cae5a5?fccid=451cbcb1434e6c55&vjs=3,"{'confluence', 'algorithm', 'git', 'c', 'testing', 'libraries', 'software', 'design', 'java', 'framework', 'dotnet', 'data-stream', 'database', 'devops', 'programming-language', 'engineering', 'computer-science', 'commerce', 'business', 'schedule', 'sql', 'code-coverage', 'support', 'query-optimization', 'nosql', 'performance-monitoring', 'database-design', 'data-structure'}"
newSoftware Engineer University Grad,https://www.indeed.com/rc/clk?jk=7671b93ff7b28597&fccid=8b219f1987ef65ea&vjs=3,"{'design', 'documentation', 'object-oriented-programming', 'git', 'devops', 'bash', 'computer-science', 'c', 'testing', 'shell', 'commerce', 'linux', 'computer-engineering', 'jenkins', 'operating-systems', 'python', 'software'}"
newSoftware Engineer,https://www.indeed.com/company/JetHead-Development/jobs/Software-Engineer-686cf9e6d2658461?fccid=3aac2e78b3115a1c&vjs=3,"{'android', 'schedule', 'linux', 'software'}"
newEmbedded Software Engineer,https://www.indeed.com/rc/clk?jk=37e2c07439c94393&fccid=1639254ea84748b5&vjs=3,"{'security', 'electrical-engineering', 'augmented-reality', 'c', 'android', 'linux', 'operating-systems', 'software', 'memory-management', 'design', 'power-management', 'debugging', 'computer-engineering', 'microcontroller', 'software-engineering', 'documentation', 'synchronization', 'component', 'computer-science', 'business', 'support', 'virtual-reality', 'coreos'}"
newSoftware Engineer I,https://www.indeed.com/rc/clk?jk=343930a6d606668f&fccid=734cb5a01ee60f80&vjs=3,"{'windows', 'communications', 'security', 'internet-of-things', 'design', 'electrical-engineering', 'computer-science', 'c', 'systems-engineering', 'computer-engineering', 'machine-learning', 'interaction', 'debugging', 'collaboration', 'computer-vision', 'linux', 'software'}"
Software Engineer (Java or C++),"https://www.indeed.com/company/Abalta-Technologies,-Inc/jobs/Software-Engineer-4d78df615e772174?fccid=1860d9c274848f47&vjs=3","{'windows', 'schedule', 'mobile', 'design', 'ios', 'java', 'engineering', 'cpp', 'android', 'play', 'linux', 'operating-systems', 'languages', 'software'}"
"Associate Software Engineer, Gameplay - Diablo IV",https://www.indeed.com/rc/clk?jk=3c5f7d88771e8357&fccid=645d83ee4cbe1d25&vjs=3,"{'communications', 'server', 'design', 'engineering', 'computer-science', 'c', 'game-development', 'artificial-intelligence', 'business', 'database', 'software-engineering', 'software'}"
newSoftware Engineer,https://www.indeed.com/rc/clk?jk=236e376b0f4bdb5a&fccid=6908893b5c7af08c&vjs=3,"{'php', 'angular', 'server', 'nodejs', 'design', 'css', 'engineering', 'component', 'support', 'testing', 'commerce', 'javascript', 'scripting-language', 'debugging', 'html', 'ajax', 'software'}"
Software Engineer,https://www.indeed.com/rc/clk?jk=75424cabf7072b97&fccid=6824fc1f087bd63e&vjs=3,"{'server', 'design', 'databases', 'sql', 'java', 'payments', 'engineering', 'support', 'business', 'scala', 'software'}"
newEntry Level Software Developer,https://www.indeed.com/company/Property-Matrix/jobs/Entry-Level-Software-Developer-e97330b2b6b8c368?fccid=fd1ea58cbd0e81fe&vjs=3,"{'testing', 'html', 'software', 'design', 'react', 'computer-engineering', 'css', 'documentation', 'frontend', 'computer-science', 'rails', 'interaction', 'selenium', 'business', 'ruby', 'schedule', 'sql', 'support', 'javascript', 'scalability'}"
Junior Full Stack Software Engineer,https://www.indeed.com/rc/clk?jk=07939257d42c750b&fccid=66d394411dd2efad&vjs=3,"{'finance', 'mysql', 'docker', 'design', 'databases', 'git', 'sql', 'financial-system', 'framework', 'rails', 'postgresql', 'heroku', 'deployment', 'cryptocurrency', 'ruby', 'python'}"
"newSoftware Engineer, iOS",https://www.indeed.com/rc/clk?jk=9e1d5133513f8976&fccid=1639254ea84748b5&vjs=3,"{'memory-management', 'api', 'design', 'mobile', 'ios', 'c', 'testing', 'play', 'medium', 'business', 'software'}"
Front End Software Engineer,https://www.indeed.com/company/TuSimple/jobs/Front-End-Software-Engineer-a053af9ea7623f3d?fccid=fea34c44eddebdae&vjs=3,"{'api', 'cypress', 'security', 'algorithm', 'testing', 'sass', 'design', 'framework', 'typescript', 'react', 'grpc', 'artificial-intelligence', 'ant-design', 'component', 'computer-science', 'selenium', 'computer-vision', 'schedule', 'pwa', 'javascript', 'redux'}"
Handset Software Test Engineer,"https://www.indeed.com/company/3S-Network,-Inc./jobs/Handset-Software-Test-Engineer-0df4fc9aca1a7ae8?fccid=977d3e99295a75ed&vjs=3","{'mobile', 'network-security', 'electrical-engineering', 'computer-science', 'testing', 'android', 'business', 'software'}"
newPython Software Engineering Teaching Assistant (Part-Time),https://www.indeed.com/rc/clk?jk=cc10e115d1ed386e&fccid=4a63ba4ff006471b&vjs=3,"{'languages', 'software-engineering', 'python'}"
"newInference Software Engineer, TensorRT - New College Grad",https://www.indeed.com/rc/clk?jk=73e7c511e8ff7e5e&fccid=c267f29f0f85e8b8&vjs=3,"{'pytorch', 'design', 'natural-language-processing', 'speech-recognition', 'tensorflow', 'computer-science', 'deep-learning', 'c', 'computer-engineering', 'machine-learning', 'artificial-intelligence', 'debugging', 'computer-vision', 'software'}"
Front End Software Engineer - Remote (US),https://www.indeed.com/rc/clk?jk=f7ab6bb7acef690b&fccid=221f377586e16b5a&vjs=3,"{'task-management', 'ambiguity', 'uikit', 'software', 'chrome', 'design', 'typescript', 'react', 'medium', 'software-engineering', 'apollo', 'ios', 'graphql', 'engineering', 'computer-science', 'marketing', 'support', 'postgresql', 'swift'}"
"newApprentice, Software Engineer",https://www.indeed.com/rc/clk?jk=0530fb82edb6e635&fccid=915b1c0ee87e5e8a&vjs=3,"{'server', 'schedule', 'databases', 'java', 'engineering', 'computer-science', 'marketing', 'ecommerce', 'javascript', 'html', 'css', 'artificial-intelligence', 'languages', 'software'}"
Software Engineer - Star Wars,https://www.indeed.com/rc/clk?jk=73b1eb0276401954&fccid=f379417fa48d0010&vjs=3,"{'game-engine', 'server', 'design', 'analytics', 'mobile', 'engineering', 'computer-science', 'cpp', 'support', 'debugging', 'unreal-engine', 'collaboration', 'python', 'software'}"
Junior Software Engineer,https://www.indeed.com/rc/clk?jk=4ff270a1b4233189&fccid=6a49665f89972ee4&vjs=3,"{'monitoring', 'mysql', 'sidekiq', 'redis', 'programming-language', 'engineering', 'computer-science', 'support', 'react', 'testing', 'commerce', 'rails', 'debugging', 'collaboration', 'business', 'ruby', 'python', 'software'}"
newJunior Programmer,https://www.indeed.com/company/Kalloc-Studios/jobs/Junior-Programmer-644ee8f820b10451?fccid=0565fb846b298bb6&vjs=3,"{'schedule', 'design', 'mobile', 'java', 'engineering', 'computer-science', 'c', 'medium', '.net', 'visualization', 'software'}"
newStaff Software Engineer,https://www.indeed.com/company/MaxLinear/jobs/Staff-Software-Engineer-b0c24c7601459f69?fccid=bb9ddd9b08ca495e&vjs=3,"{'schedule', 'design', 'electrical-engineering', 'ethernet', 'c', 'testing', 'support', 'network-layer', 'computer-science', 'linux', 'computer-engineering', 'operating-systems', 'software-engineering', 'python', 'software'}"
Founding Software Engineer,https://www.indeed.com/company/Flyby-Drone-Delivery/jobs/Founding-Software-Engineer-e0001d5687c01ee0?fccid=37288d1189e02e58&vjs=3,"{'schedule', 'engineering', 'testing', 'javascript', 'software'}"
"Lead Software Engineer, Client -Star Wars",https://www.indeed.com/rc/clk?jk=be7c5340c5991039&fccid=f379417fa48d0010&vjs=3,"{'server', 'design', 'analytics', 'mobile', 'algorithm', 'java', 'engineering', 'c', 'support', 'swift', 'play', 'debugging', 'business', 'user-interface', 'languages', 'software'}"
Principal Software Engineer,https://www.indeed.com/rc/clk?jk=8e9ce4b102e62702&fccid=d6ef41e202aa2c0b&vjs=3,{}
newEntry Level Software Engineer,https://www.indeed.com/rc/clk?jk=63dcd44e1a023eaf&fccid=edae4285faf6c2f0&vjs=3,"{'design', 'algorithm', 'documentation', 'git', 'java', 'project-management', 'component', 'engineering', 'support', 'computer-science', 'c', 'testing', 'debugging', 'data-processing', 'languages', 'python', 'data-analysis', 'software'}"
Software Engineer I - Channel Moderation,https://www.indeed.com/rc/clk?jk=d765da78103da05d&fccid=e21f6affbb4bb0b2&vjs=3,"{'algorithm', 'java', 'engineering', 'computer-science', 'c', 'ruby', 'javascript', 'twitter', 'data-structures', 'python', 'languages', 'software'}"
Software Engineer,https://www.indeed.com/company/Environmental-Risk-Management-Inc/jobs/Software-Engineer-6339ae117f32889c?fccid=d693e579f4e95032&vjs=3,"{'schedule', 'software-engineering', 'software'}"
Software Engineer,https://www.indeed.com/company/DeepCast-LLC/jobs/Software-Engineer-9554fe4d7de1e93b?fccid=06ed7161770c151f&vjs=3,"{'schedule', 'data-management', 'design', 'engineering', 'computer-science', 'react', 'javascript', 'artificial-intelligence', 'visualization', 'software'}"
newFront End Engineer,https://www.indeed.com/company/Prometheus-Research-Labs/jobs/Front-End-Engineer-5107ddd0a5b2d6c7?fccid=33a20112682921ec&vjs=3,"{'finance', 'schedule', 'design', 'financial-system', 'computer-science', 'react', 'prometheus', 'deployment', 'collaboration', 'ethereum', 'software'}"
"Software Engineer, University Grad",https://www.indeed.com/rc/clk?jk=89bfde80daa95604&fccid=1639254ea84748b5&vjs=3,"{'schedule', 'python', 'java', 'engineering', 'computer-science', 'cpp', 'javascript', 'business', 'software-engineering', 'data-analysis', 'software'}"
Staff Software Engineer - REMOTE,https://www.indeed.com/rc/clk?jk=60cb224cfdb1e63b&fccid=f33adcecbae03a00&vjs=3,"{'angular', 'git', 'testing', 'languages', 'software', 'design', 'dotnet', 'deployment', 'github', 'software-engineering', 'server', 'azure', 'asp.net', 'devops', 'computer-science', 'kafka', 'electron', 'rabbitmq', 'sql', 'support'}"
Associate Software Development Engineer (iOS),https://www.indeed.com/rc/clk?jk=e52d6ff6a62d48c7&fccid=9ac45d217f8342a1&vjs=3,"{'finance', 'mobile', 'design', 'ios', 'algorithm', 'graphql', 'computer-science', 'c', 'data-structures', 'business', 'swift', 'software'}"
Software Engineer,https://www.indeed.com/rc/clk?jk=1b90a7ec6f186ca4&fccid=fe2d21eef233e94a&vjs=3,"{'design', 'algorithm', 'java', 'engineering', 'computer-science', 'cpp', 'data-modeling', 'ruby', 'twitter', 'data-structures', 'software-engineering', 'languages'}"
newAssociate Software Engineer (Remote),https://www.indeed.com/rc/clk?jk=a0fa524a3b71fd4d&fccid=ade8cd847c0482cd&vjs=3,"{'elixir', 'java', 'devops', 'engineering', 'ruby', 'testing', 'new-relic', 'javascript', 'throughput', 'software-engineering', 'python', 'software'}"
Recent Graduate Software Engineer I @ Chewy,https://www.indeed.com/company/Jopwell/jobs/Recent-Graduate-Software-Engineer-Chewy-87813797ca4eefe0?fccid=8f91414aac1a01c4&vjs=3,"{'c', 'testing', 'languages', 'software', 'analytics', 'design', 'kotlin', 'java', 'algorithm-design', 'scala', 'software-engineering', 'engineering', 'computer-science', 'commerce', 'data-structures', 'collaboration', 'business', 'schedule', 'sql', 'support', 'javascript', 'swift'}"
"Software Engineer, Gameplay",https://www.indeed.com/rc/clk?jk=a9adaae0b9d03ca7&fccid=645d83ee4cbe1d25&vjs=3,"{'mysql', 'c', 'game-development', 'linux', 'languages', 'software', 'unity', 'design', 'framework', 'debugging', 'artificial-intelligence', 'database', 'server', 'engineering', 'oracle', 'computer-science', 'sql', 'cpp', 'support', 'scalability'}"
newJr. Software Engineer,https://www.indeed.com/rc/clk?jk=a03e4836ed7257fa&fccid=fe2d21eef233e94a&vjs=3,"{'access-control', 'security', 'buddy', 'design', 'java', 'algorithm-design', 'computer-science', 'c', 'machine-learning', 'data-structures', 'software'}"
newSoftware Engineer,https://www.indeed.com/rc/clk?jk=498152215ebd45b2&fccid=9784ae78e9834539&vjs=3,"{'release', 'security', 'mobile', 'aws-cloudformation', 'java', 'computer-science', 'ansible', 'testing', 'business', 'github', 'software-engineering', 'python', 'software'}"
Spacecraft Software Engineer,https://www.indeed.com/rc/clk?jk=fc47f611b5321f49&fccid=aeb15e43a6800b9d&vjs=3,"{'design', 'git', 'algorithm', 'engineering', 'c', 'cpp', 'simulation', 'play', 'operating-systems', 'business', 'languages', 'python', 'software'}"
newAssociate Software Engineer (Remote),https://www.indeed.com/rc/clk?jk=a0fa524a3b71fd4d&fccid=ade8cd847c0482cd&vjs=3,"{'elixir', 'java', 'devops', 'engineering', 'ruby', 'testing', 'new-relic', 'javascript', 'throughput', 'software-engineering', 'python', 'software'}"
newSoftware Engineer,https://www.indeed.com/rc/clk?jk=0f139c705e6530e9&fccid=f69fe5673875c177&vjs=3,"{'data-stores', 'server', 'software-engineering', 'design', 'databases', 'java', 'spring', 'engineering', 'support', 'javascript', 'business', 'languages', 'python', 'publishing', 'software'}"
Junior Developer - My first job,https://www.indeed.com/rc/clk?jk=e7906a494a705a87&fccid=9c40afbe5c7f3e78&vjs=3,"{'elixir', 'devops', 'engineering', 'support', 'react', 'rails', 'software'}"
Return to Work - Software Engineer,https://www.indeed.com/rc/clk?jk=d8a5ff4d44a90138&fccid=1639254ea84748b5&vjs=3,"{'php', 'design', 'python', 'java', 'engineering', 'computer-science', 'cpp', 'javascript', 'medium', 'business', 'software-engineering', 'languages', 'software'}"
newSoftware Engineer - Java,https://www.indeed.com/company/Floify/jobs/Software-Engineer-dd3af72a0c331679?fccid=3a44d436645457a1&vjs=3,"{'webapp', 'java', 'scalability', 'software'}"
newSoftware Engineer - LPBD39574,"https://www.indeed.com/company/TechData-Service-Company,-LLC/jobs/Software-Engineer-75fea66c8b52caad?fccid=462b70fa3943eb10&vjs=3","{'security', 'git', 'c', 'testing', 'languages', 'software', 'design', 'java', 'framework', 'server', 'azure', 'devops', 'computer-science', 'selenium', 'business', 'python', 'schedule', 'robot', 'support'}"
Software Engineer,https://www.indeed.com/rc/clk?jk=75424cabf7072b97&fccid=6824fc1f087bd63e&vjs=3,"{'server', 'design', 'databases', 'sql', 'java', 'payments', 'engineering', 'support', 'business', 'scala', 'software'}"
Software Developer - VerityStream,https://www.indeed.com/rc/clk?jk=e2f5b86e29a4f1fb&fccid=6eb6994bf6f8baef&vjs=3,"{'server', 'design', 'sql', 'computer-science', 'c', 'testing', 'software'}"
newSoftware Engineer,https://www.indeed.com/rc/clk?jk=ac914048ad81b992&fccid=e24a60f01d1882d1&vjs=3,"{'openshift', 'design', 'java', 'engineering', 'component', 'c', 'support', 'cpp', 'linux', 'kubernetes', 'operating-system', 'business', 'python', 'languages', 'software'}"
newSoftware Engineer,https://www.indeed.com/rc/clk?jk=5ffb8a015b311f05&fccid=09abad886b83c501&vjs=3,"{'terminal', 'mobile', 'payments', 'business', 'business-tools', 'software'}"
newAssociate Software Engineer,https://www.indeed.com/rc/clk?jk=8230587ed1419b65&fccid=12cb7ce2bff15ac7&vjs=3,"{'design', 'java', 'computer-science', 'support', 'testing', 'javascript', 'debugging', 'software-engineering', 'software'}"
Software Engineer I,https://www.indeed.com/rc/clk?jk=1bea4c0ac08c570f&fccid=75a3a5a15b202084&vjs=3,"{'npm', 'angular', 'algorithm', 'highcharts', 'html5', 'sass', 'software', 'gulp', 'design', 'mobile', 'google', 'data-visualization', 'css', 'json', 'engineering', 'computer-science', 'stylus', 'data-structures', 'collaboration', 'schedule', 'javascript'}"
newFront End Engineer,https://www.indeed.com/rc/clk?jk=6c498dc7d6baea2a&fccid=2472edbe03e34796&vjs=3,"{'docker', 'terraform', 'design', 'graphql', 'engineering', 'payments', 'google', 'ecommerce', 'typescript', 'react', 'kubernetes', 'aws'}"
Software Engineer,https://www.indeed.com/rc/clk?jk=c79f6c8418c024cf&fccid=8b219f1987ef65ea&vjs=3,"{'continuous-integration', 'design', 'git', 'computer-science', 'support', 'libraries', 'commerce', 'debugging', 'computer-engineering', 'linux', 'collaboration', 'deployment', 'python', 'software'}"
"newInference Software Engineer, TensorRT - New College Grad",https://www.indeed.com/rc/clk?jk=73e7c511e8ff7e5e&fccid=c267f29f0f85e8b8&vjs=3,"{'pytorch', 'design', 'natural-language-processing', 'speech-recognition', 'tensorflow', 'computer-science', 'deep-learning', 'c', 'computer-engineering', 'machine-learning', 'artificial-intelligence', 'debugging', 'computer-vision', 'software'}"
newSoftware Engineer,https://www.indeed.com/rc/clk?jk=560bec6dfc9cc04e&fccid=78bbcd26e39621f5&vjs=3,"{'angular', 'security', 'operating-systems', 'software', 'design', 'mobile', 'java', 'framework', 'elasticsearch', 'response-time', 'software-engineering', 'documentation', 'graphql', 'engineering', 'query-language', 'schedule', 'support', 'javascript', 'middleware'}"
newSoftware Engineer Python,https://www.indeed.com/rc/clk?jk=a86a94b884a3fd36&fccid=9bc757961edf0188&vjs=3,"{'release', 'schedule', 'docker', 'analytics', 'databases', 'java', 'programming-language', 'google', 'computer-science', 'simulation', 'support', 'c', 'cpp', 'domain-knowledge', 'rust', 'scala', 'python', 'software'}"
Mobile App Developer Software Engineer,https://www.indeed.com/company/QC-Manufacturing-Inc./jobs/Mobile-Application-Developer-Software-Engineer-88e8a490b5a5e4b7?fccid=4f060b42567736b6&vjs=3,"{'release', 'mysql', 'databases', 'c', 'testing', 'android', 'html', 'xml', 'operating-systems', 'languages', 'color-vision', 'software', 'design', 'mobile', 'java', 'framework', 'dotnet', 'debugging', 'software-engineering', 'server', 'documentation', 'xcode', 'ios', 'project-management', 'computer-science', 'engineering', 'php', 'schedule', 'sql', 'support', 'javascript', 'android-studio', 'swift'}"
Software Engineer - New Grad,https://www.indeed.com/rc/clk?jk=784f505b6e910973&fccid=c0222312b34b096a&vjs=3,"{'nodejs', 'schedule', 'mobile', 'engineering', 'computer-science', 'domain-knowledge', 'javascript', 'debugging', 'data-processing', 'webapp', 'software-engineering', 'python', 'software'}"
Software Engineer,https://www.indeed.com/rc/clk?jk=f2edb002f4463278&fccid=0acc8485948267ca&vjs=3,"{'communications', 'docker', 'confluence', 'design', 'git', 'sql', 'java', 'spring', 'engineering', 'computer-science', 'framework', 'support', 'testing', 'gradle', 'collaboration', 'business', 'spring-boot', 'software'}"
"Software Engineer , Videos",https://www.indeed.com/rc/clk?jk=e42421f1441c05e9&fccid=c1099851e9794854&vjs=3,"{'memory-management', 'macos', 'design', 'ios', 'uikit', 'play', 'javascript', 'debugging', 'specification', 'swift', 'software'}"
"newSoftware Engineer, RenderMan Integrations",https://www.indeed.com/rc/clk?jk=6b8e600cebe68ee2&fccid=4ed80f3a97849f22&vjs=3,"{'windows', 'design', 'documentation', 'engineering', 'computer-science', 'cpp', 'support', '3d', 'linux', 'operating-systems', 'computer-graphics', 'python', 'software'}"
Junior Software Engineer,https://www.indeed.com/rc/clk?jk=4ff270a1b4233189&fccid=6a49665f89972ee4&vjs=3,"{'monitoring', 'mysql', 'sidekiq', 'redis', 'programming-language', 'engineering', 'computer-science', 'support', 'react', 'testing', 'commerce', 'rails', 'debugging', 'collaboration', 'business', 'ruby', 'python', 'software'}"
Software Engineer II,https://www.indeed.com/rc/clk?jk=6cb69a7cd9e4c680&fccid=aeb15e43a6800b9d&vjs=3,"{'communications', 'design', 'engineering', 'simulation', 'support', 'testing', 'play', 'business', 'software-engineering', 'software'}"
Software Engineer,https://www.indeed.com/rc/clk?jk=3cdf12f1b7450250&fccid=4b5d257051285786&vjs=3,"{'design', 'library', 'computer-science', 'play', 'dash', 'quality-of-service', 'business', 'python', 'software'}"
"newSoftware Engineer, Targeting Platform",https://www.indeed.com/rc/clk?jk=6fbff3cfdd031693&fccid=1b50fcfb150b1b48&vjs=3,"{'databases', 'google-app-engine', 'testing', 'languages', 'software', 'variables', 'java', 'google', 'kubernetes', 'bash', 'stream-processing', 'devops', 'engineering', 'business', 'python', 'schedule', 'airflow', 'sql', 'support', 'nosql'}"
Senior Software Engineer (Remote),https://www.indeed.com/rc/clk?jk=6c3f7dfcbc0d80d8&fccid=2472edbe03e34796&vjs=3,"{'docker', 'terraform', 'design', 'graphql', 'engineering', 'payments', 'google', 'ecommerce', 'typescript', 'react', 'kubernetes', 'aws'}"
Software Engineer - University Grad,https://www.indeed.com/rc/clk?jk=a70a95b3eb7b6f1d&fccid=ba03cd038fd30855&vjs=3,"{'data-management', 'design', 'algorithm', 'java', 'computer-science', 'cpp', 'debugging', 'data-structures', 'scala', 'software'}"
newFrontend Software Engineer,https://www.indeed.com/rc/clk?jk=775cb4283958a9be&fccid=55ec4377da9e509c&vjs=3,"{'nodejs', 'mechanical-engineering', 'design', 'frontend', 'css', 'algorithm', 'engineering', 'google', 'computer-science', 'testing', 'react', 'javascript', 'scalability', 'html', 'data-structures', 'stripe', 'redux'}"
newSoftware Development Engineer I,https://www.indeed.com/rc/clk?jk=a3baf3074f89f0f9&fccid=160efb82f2462f14&vjs=3,"{'api', 'workload', 'node.js', 'security', 'design', 'algorithm', 'java', 'framework', 'engineering', 'computer-science', 'support', 'marketing', 'data-structures', 'business', 'data-structure', 'software'}"
Software Engineer (Jr. / I / II ) - Multiple Openings,https://www.indeed.com/rc/clk?jk=76f03fea87059c3c&fccid=ee7d98e98782cb1d&vjs=3,"{'databases', 'microsoft-azure', 'c', 'software', 'mobile', 'design', 'react', 'dotnet', 'computer-engineering', 'software-engineering', 'server', 'object-oriented-programming', 'engineering', 'computer-science', 'collaboration', 'business', 'sql', 'scalability', 'angularjs'}"
newJr. Software Engineer,https://www.indeed.com/rc/clk?jk=2b7139cf5ae8b58b&fccid=d2621f51dde471d3&vjs=3,"{'communications', 'design', 'object-oriented-programming', 'business', 'java', 'programming-language', 'engineering', 'computer-science', 'c', 'aws', 'box', 'database-design', 'python', 'software'}"
newFrontend Engineer - Developer Experience,https://www.indeed.com/rc/clk?jk=37949d3fa793fafe&fccid=66d394411dd2efad&vjs=3,"{'finance', 'design', 'financial-system', 'component', 'typescript', 'next.js', 'react', 'libraries', 'testing', 'cryptocurrency', 'gitlab-ci'}"
newSoftware Engineer Future,https://www.indeed.com/rc/clk?jk=fc06b3a56adc918e&fccid=4500a118e39161b0&vjs=3,"{'analytics', 'java', 'computer-science', 'cpp', 'support', 'c', 'collaboration', 'software'}"
html Coder,https://www.indeed.com/rc/clk?jk=f987180e50415756&fccid=69d685166f3675d8&vjs=3,"{'business', 'perl', 'javascript', 'html'}"
newScala Software Engineer (US),https://www.indeed.com/rc/clk?jk=d5df6d155c6de16c&fccid=f56ec62f798e08c9&vjs=3,"{'kafka', 'design', 'git', 'engineering', 'computer-science', 'support', 'functional-programming', 'business', 'big-data', 'scala', 'software'}"
newComputer Software Engineer,https://www.indeed.com/company/Secure-Transfusion-Services/jobs/Computer-Software-Engineer-55a5db6a522004d9?fccid=ebd1f5d4de864ae9&vjs=3,"{'schedule', 'design', 'documentation', 'engineering', 'computer-science', 'testing', 'deployment', 'business-administration', 'software'}"
newSoftware Development Engineer,https://www.indeed.com/rc/clk?jk=921a76262fd82892&fccid=f89deb5a97c7738a&vjs=3,"{'analytics', 'frontend', 'design', 'project-management', 'computer-science', 'testing', 'react', 'data-visualization', 'javascript', 'business', 'software'}"
"newApprentice, Software Engineer",https://www.indeed.com/rc/clk?jk=0530fb82edb6e635&fccid=915b1c0ee87e5e8a&vjs=3,"{'server', 'schedule', 'databases', 'java', 'engineering', 'computer-science', 'marketing', 'ecommerce', 'javascript', 'html', 'css', 'artificial-intelligence', 'languages', 'software'}"
Software Engineer - Recent Grad [US],https://www.indeed.com/rc/clk?jk=612cfe0c6773f85a&fccid=92ecd2dea78a2bc2&vjs=3,"{'security', 'testing', 'new-relic', 'graphite', 'linux', 'software', 'data-management', 'design', 'java', 'google', 'nginx', 'software-engineering', 'devops', 'synchronization', 'engineering', 'computer-science', 'metadata', 'business', 'haproxy', 'hbase', 'python', 'sql', 'file-system'}"
"Software Engineer, Automation",https://www.indeed.com/rc/clk?jk=7377c9c830c32b9c&fccid=645d83ee4cbe1d25&vjs=3,"{'api', 'c', 'testing', 'android', 'game-development', 'software', 'unity', 'mobile', 'design', 'dotnet', 'deployment', 'software-engineering', 'server', 'ios', 'engineering', 'computer-science', 'collaboration', 'continuous-integration', 'support', 'data-analysis'}"
Full Stack Software Engineer- Remote,https://www.indeed.com/rc/clk?jk=90328d25b206a790&fccid=3a71a4d2f7990a25&vjs=3,"{'ambiguity', 'algorithm', 'software', 'mongodb', 'mobile', 'design', 'java', 'framework', 'deployment', 'software-engineering', 'object-oriented-programming', 'spring', 'engineering', 'computer-science', 'component', 'microsoft-sql-server', 'data-structures', 'business', 'continuous-integration', 'twitter'}"
newSr. Software Engineer,https://www.indeed.com/rc/clk?jk=c9c43c4c2ece9c95&fccid=4334ccc82f098434&vjs=3,"{'docker', 'design', 'analytics', 'material-ui', 'webpack', 'typescript', 'babel', 'react', 'testing', 'jest', 'support', 'deployment', 'business', 'redux', 'visualization', 'gitlab-ci', 'software'}"
"newSoftware Engineer, iOS",https://www.indeed.com/rc/clk?jk=9e1d5133513f8976&fccid=1639254ea84748b5&vjs=3,"{'memory-management', 'api', 'design', 'mobile', 'ios', 'c', 'testing', 'play', 'medium', 'business', 'software'}"
Software Engineer (Java or C++),"https://www.indeed.com/company/Abalta-Technologies,-Inc/jobs/Software-Engineer-4d78df615e772174?fccid=1860d9c274848f47&vjs=3","{'windows', 'schedule', 'mobile', 'design', 'ios', 'java', 'engineering', 'cpp', 'android', 'play', 'linux', 'operating-systems', 'languages', 'software'}"
newSoftware Engineer -- Senior to Junior,https://www.indeed.com/rc/clk?jk=5bd9591087a017e2&fccid=d77b36cc8d8cf30d&vjs=3,"{'angular', 'mysql', 'machine-learning', 'throughput', 'html', 'publishing', 'docker', 'design', 'java', 'framework', 'google', 'kubernetes', 'artificial-intelligence', 'css', 'big-data', 'vue', 'frontend', 'tensorflow', 'engineering', 'computer-science', 'python', 'php', 'javascript', 'apache-spark', 'swift'}"
newSoftware Engineer Associate,https://www.indeed.com/rc/clk?jk=627c7593a85dd466&fccid=6240c667c0daf144&vjs=3,"{'schedule', 'security', 'design', 'engineering', 'c', 'support', 'react', 'cpp', 'play', 'operating-systems', 'business', 'languages', 'software-engineering', 'python', 'software'}"
Software Engineer - Frontend (REMOTE),https://www.indeed.com/rc/clk?jk=b4451103df1530bd&fccid=f5d526c81b4033de&vjs=3,"{'git', 'content-management', 'java', 'spring', 'engineering', 'computer-science', 'ecommerce', 'support', 'react', 'commerce', 'javascript', 'html', 'pwa', 'css', 'testing', 'collaboration', 'software'}"
newSenior Software Engineer,https://www.indeed.com/rc/clk?jk=4a30780d4722ffb8&fccid=2c62e4de04b8f952&vjs=3,"{'confluence', 'continuous-integration', 'mobile', 'analytics', 'design', 'algorithm', 'engineering', 'computer-science', 'code-review', 'support', 'testing', 'machine-learning', 'computer-engineering', 'data-structures', 'business', 'big-data', 'software'}"
newSoftware Developer,https://www.indeed.com/rc/clk?jk=5aa4e4041f58309b&fccid=bab5c954f8d79dfe&vjs=3,"{'server', 'terminal', 'design', 'git', 'css', 'sql', 'libraries', 'dotnet', 'javascript', 'html', 'business', 'angularjs', 'software'}"
Associate Gameplay Engineer,https://www.indeed.com/rc/clk?jk=9fada1db1d289a6f&fccid=71147e0539a0a1b7&vjs=3,"{'design', 'engineering', 'computer-science', 'c', 'support', 'cpp', 'simulation', '3d', 'artificial-intelligence', 'languages'}"
Software Engineer I,https://www.indeed.com/rc/clk?jk=835c0973db3a626b&fccid=6bcbaf35af26e1a6&vjs=3,"{'computer-science', 'machine-learning', 'software'}"
Software Developer / Technical Support,https://www.indeed.com/company/AK-Enterprises/jobs/Software-Developer-924ca740ca61b7cc?fccid=6dce39288dfd0f5e&vjs=3,"{'angular', 'schedule', 'azure', 'frontend', 'c', 'support', 'react', 'serverless'}"
Azure Cloud Engineer,https://www.indeed.com/company/Microsoft/jobs/Azure-Cloud-Engineer-2f62a2abaaebdbe2?fccid=734cb5a01ee60f80&vjs=3,"{'schedule', 'azure', 'engineering', 'microsoft-azure', 'support'}"
Entry-Level Software Engineer,https://www.indeed.com/rc/clk?jk=07629909b907c8a5&fccid=382dee2cfe0ba124&vjs=3,"{'security', 'design', 'blockchain', 'support', 'testing', 'artificial-intelligence', 'software-engineering', 'software'}"
Software Engineer – Projects,https://www.indeed.com/rc/clk?jk=c6145fd32201373c&fccid=f7dc96c0b34e32d6&vjs=3,"{'azure', 'analytics', 'data-integration', 'java', 'engineering', 'computer-science', 'c', 'support', 'dotnet', 'big-data', 'python', 'languages', 'software'}"
Software Engineer,https://www.indeed.com/company/ACL-Digital/jobs/Software-Engineer-cf136409eccf444e?fccid=224c86e9ad0c01e3&vjs=3,"{'schedule', 'tracking-system', 'testing', 'wireless', 'software'}"
Software Engineer,https://www.indeed.com/rc/clk?jk=313d3f5f4b73cd54&fccid=9784ae78e9834539&vjs=3,"{'release', 'testing', 'libraries', 'html', 'software', 'docker', 'kotlin', 'java', 'react', 'data-visualization', 'kubernetes', 'css', 'deployment', 'github', 'reliability-engineering', 'redis', 'spring', 'engineering', 'computer-science', 'monitoring', 'python', 'cassandra', 'cpp', 'support', 'nosql'}"
"Software Engineer, Reliability - Diablo IV",https://www.indeed.com/rc/clk?jk=6a68ab76e53c153f&fccid=645d83ee4cbe1d25&vjs=3,"{'helm', 'communications', 'server', 'docker', 'design', 'databases', 'code-review', 'computer-science', 'c', 'testing', 'linux', 'kubernetes', 'monitoring', 'business', 'perl', 'source-code', 'python', 'software'}"
"Software Engineer, TikTok Privacy",https://www.indeed.com/company/TikTok/jobs/Software-Engineer-db8a0f6fd38fe27d?fccid=caed318a9335aac0&vjs=3,"{'angular', 'schedule', 'design', 'mobile', 'algorithm', 'java', 'framework', 'engineering', 'computer-science', 'c', 'javascript', 'data-structures', 'collaboration', 'python', 'languages', 'software'}"
Entry Level Software Engineer,https://www.indeed.com/rc/clk?jk=e33352a652cdb34b&fccid=cd9b55c1b610a1b1&vjs=3,"{'java', 'engineering', 'c', 'cpp', 'dotnet', 'software'}"
Software Engineer I,https://www.indeed.com/rc/clk?jk=68e258176324307b&fccid=391006290e845887&vjs=3,"{'algorithm', 'databases', 'git', 'electrical-engineering', 'c', 'machine-learning', 'linux', 'languages', 'compiler', 'software', 'code-generation', 'design', 'framework', 'debugging', 'artificial-intelligence', 'parsing', 'software-engineering', 'computer-science', 'data-structures', 'distributed-computing', 'code-coverage', 'cpp', 'simulation'}"
Software Developer,https://www.indeed.com/company/Arkusnexus/jobs/Software-Developer-3ec52081274598cf?fccid=8e584bf31fd59099&vjs=3,"{'schedule', 'java', 'engineering', 'computer-science', 'c', 'support', 'testing', 'cpp', 'python', 'languages', 'software'}"
newEmbedded Software Developer,https://www.indeed.com/company/EPC-Power-Corp./jobs/Embedded-Software-Developer-f2a3673d4088c3cd?fccid=a45e8afa0a82e08c&vjs=3,"{'release', 'git', 'c', 'testing', 'jenkins', 'linux', 'workflow', 'operating-systems', 'composer', 'software', 'design', 'computer-engineering', 'microcontroller', 'documentation', 'engineering', 'computer-science', 'ethernet', 'python', 'schedule', 'support'}"
newSoftware Engineer Staff,https://www.indeed.com/rc/clk?jk=7a21fa19e9107281&fccid=aeb15e43a6800b9d&vjs=3,"{'windows', 'java', 'engineering', 'play', 'linux', 'business', 'software'}"
newSr. Software Engineer:,https://www.indeed.com/rc/clk?jk=4a9a91d101e14eb4&fccid=ab3b40a005cd4092&vjs=3,"{'design', 'engineering', 'computer-science', 'testing', 'deployment', 'business', 'software'}"
Software Engineer - Back-end,https://www.indeed.com/rc/clk?jk=276b9b0f9c4eaefb&fccid=39ce61b8fafdd960&vjs=3,"{'mobile', 'blockchain', 'collaboration', 'engineering', 'typescript', 'specification', 'data-science', 'ethereum', 'cryptocurrency', 'software'}"
Sr. Software Engineer - Java/ColdFusion,https://www.indeed.com/rc/clk?jk=d724548011fbbd09&fccid=cb92277401b20f53&vjs=3,"{'jquery', 'hibernate', 'server', 'relational-database', 'design', 'object-oriented-programming', 'java', 'c', 'ecommerce', 'microsoft-sql-server', 'javascript', 'debugging', 'css', 'html5', 'publishing'}"
Software Engineer for Embedded systems,https://www.indeed.com/rc/clk?jk=dc974d38df387e3b&fccid=32c438271cdc9c69&vjs=3,"{'optical-imaging', 'communications', 'design', 'engineering', 'testing', 'debugging', 'software'}"
newSenior Software Engineer,https://www.indeed.com/company/Bluestream-Health/jobs/Senior-Software-Engineer-2c394f3febd1aefd?fccid=c6448fb56df36a19&vjs=3,"{'angular', 'api', 'security', 'schedule', 'design', 'json', 'computer-science', 'typescript', 'react', 'play', 'javascript', 'workflow', 'business', 'software'}"
Software Engineer II,https://www.indeed.com/rc/clk?jk=569a4c3ca19d163f&fccid=63fef841fe035c8c&vjs=3,"{'release', 'databases', 'c', 'libraries', 'html', 'software', 'jquery', 'design', 'framework', 'bootstrap', 'dotnet', 'software-engineering', 'underscore', 'json', 'engineering', 'project-management', 'computer-science', 'business', 'sql', 'support', 'javascript', 'user-interface'}"
Junior Software Engineer,https://www.indeed.com/rc/clk?jk=a87712a4c11e5448&fccid=b2f75d106ae3f96c&vjs=3,"{'continuous-deployment', 'terraform', 'frontend', 'css', 'graphql', 'framework', 'computer-science', 'c', 'next.js', 'react', 'support', 'javascript', 'scalability', 'html', 'business', 'sass', 'python', 'software'}"
Software Developer - Film Production Technology,https://www.indeed.com/rc/clk?jk=f00e6492be320908&fccid=779381286967ed9f&vjs=3,"{'testing', 'html', 'operating-systems', 'business-intelligence', 'languages', 'software', 'finance', 'design', 'java', 'css', 'deployment', 'computer-programming', 'database', 'frontend', 'engineering', 'computer-science', 'monitoring', 'business', 'collaboration', 'python', 'php', 'support', 'javascript'}"
newSoftware Engineering Manager,https://www.indeed.com/company/DoMyOwn.com/jobs/Software-Engineering-Manager-8d2a2c9c5f301b4d?fccid=128796033ab0a2f2&vjs=3,"{'release', 'angular', 'testing', 'languages', 'software', 'analytics', 'design', 'framework', 'deployment', 'software-engineering', 'vue', 'functional-testing', 'laravel', 'engineering', 'marketing', 'commerce', 'php', 'schedule', 'support', 'scalability', 'javascript'}"
newSoftware Engineer II,https://www.indeed.com/rc/clk?jk=5cf13b1d5f395680&fccid=4e4af1fa51f58473&vjs=3,"{'cypress', 'git', 'c', 'testing', 'html', 'languages', 'software', 'finance', 'es6', 'design', 'teamcity', 'typescript', 'dotnet', 'css', 'server', 'azure', 'devops', 'selenium', 'collaboration', 'business', 'testing-frameworks', 'sql', 'support', 'jest', 'javascript'}"
Junior Software Engineer - Remote,https://www.indeed.com/rc/clk?jk=90d212f8e5afb4a7&fccid=593c70c81444bec2&vjs=3,"{'pile', 'communications', 'security', 'design', 'sql', 'java', 'engineering', 'computer-science', 'c', 'testing', 'scalability', 'javascript', 'monitoring', 'business', 'software'}"
Software Engineer,https://www.indeed.com/rc/clk?jk=c8b1f825c4086387&fccid=f89deb5a97c7738a&vjs=3,"{'terraform', 'design', 'java', 'support', 'commerce', 'jenkins', 'business', 'software'}"
Software Engineer,https://www.indeed.com/rc/clk?jk=8d78c91e38bb8621&fccid=dd804be3d75306d9&vjs=3,"{'server', 'azure', 'design', 'sql', 'devops', 'engineering', 'project-management', 'c', 'support', 'microsoft-azure', 'microsoft-sql-server', 'software-engineering', 'languages', 'software'}"
Software Engineer,https://www.indeed.com/company/Environmental-Risk-Management-Inc/jobs/Software-Engineer-6339ae117f32889c?fccid=d693e579f4e95032&vjs=3,"{'schedule', 'software-engineering', 'software'}"
"Software Engineer, Platform",https://www.indeed.com/rc/clk?jk=f13c90de44845b92&fccid=4ed80f3a97849f22&vjs=3,"{'api', 'design', 'computer-science', 'cpp', 'testing', '3d', 'linux', 'software-engineering', 'python', 'software'}"
Embedded Systems Engineer,https://www.indeed.com/company/Nortek/jobs/Embedded-System-Engineer-ef61ef25b40ea46d?fccid=132e667b166ac4c2&vjs=3,"{'schedule', 'design', 'algorithm', 'signal-processing', 'ethernet', 'support'}"
Gameplay Engineer - Sanzaru Games,https://www.indeed.com/rc/clk?jk=4d9efe6dbe682fad&fccid=1639254ea84748b5&vjs=3,"{'design', 'business', 'engineering', 'computer-science', 'c', 'virtual-reality', 'medium', 'debugging', 'box'}"
newSoftware Engineer,https://www.indeed.com/rc/clk?jk=0239395b3d11508e&fccid=5fa113e7b40ec663&vjs=3,"{'windows', 'server', 'git', 'c', 'testing', 'cpp', 'rest-api', 'debugging', 'linux', 'data-center', 'business', 'big-data', 'source-code', 'software'}"
Software Engineer - Edge Infra Delivery Team,https://www.indeed.com/rc/clk?jk=a0918587a7070d30&fccid=15f43d82dc901ff2&vjs=3,"{'design', 'programming-language', 'engineering', 'framework', 'code-review', 'support', 'testing', 'debugging', 'metadata', 'collaboration', 'business', 'software'}"
Software Engineer: Embedded Systems,https://www.indeed.com/rc/clk?jk=535ad03217428130&fccid=78fc32d909bd4f0b&vjs=3,"{'server', 'security', 'access-control', 'documentation', 'engineering', 'arduino', 'support', 'testing', 'debugging', 'rust', 'terminal', 'software'}"
Website Developer - $30-60 an hour - remote + flexible + lon...,https://www.indeed.com/company/Speed-and-Function/jobs/Website-Developer-62e3b81218ad5d56?fccid=ee0b5d2714c4757f&vjs=3,"{'schedule', 'design', 'frontend', 'drupal', 'react', 'figma', 'storybook', 'javascript', 'css', 'software'}"
Software Engineer - Early in Career,https://www.indeed.com/rc/clk?jk=860fe970f93bd3f8&fccid=aef928e89977f7f0&vjs=3,"{'algorithm', 'electrical-engineering', 'git', 'c', 'testing', 'machine-learning', 'linux', 'jenkins', 'languages', 'software', 'docker', 'mobile', 'analytics', 'design', 'java', 'framework', 'computer-engineering', 'big-data', 'software-engineering', 'documentation', 'devops', 'engineering', 'computer-science', 'data-structures', 'business', 'python', 'support', 'gitlab'}"
Python Engineer - Discovery,https://www.indeed.com/company/Outside-Online/jobs/Python-Engineer-6362e2e323331405?fccid=923b64711c5808a6&vjs=3,"{'api', 'pose', 'graphql', 'engineering', 'scalability', 'python', 'marathon'}"
newSoftware Developer (Remote),https://www.indeed.com/company/Cimarron-Software/jobs/Software-Developer-0c35404fe3cde8fa?fccid=0fb4b7a86908e6ec&vjs=3,"{'security', 'documentation', 'design', 'java', 'oracle', 'software'}"
Software Lead Engineer,https://www.indeed.com/rc/clk?jk=d7e3532267dcc3e9&fccid=8b219f1987ef65ea&vjs=3,"{'ambiguity', 'release', 'code-quality', 'design', 'git', 'documentation', 'google', 'c', 'testing', 'support', 'commerce', 'slack', 'linux', 'collaboration', 'software'}"
"Software Engineer, Android",https://www.indeed.com/rc/clk?jk=b365ff92e07c78ef&fccid=1639254ea84748b5&vjs=3,"{'memory-management', 'api', 'mobile', 'design', 'java', 'testing', 'android', 'play', 'android-sdk', 'business', 'software'}"
Software Engineer - PHP,https://www.indeed.com/rc/clk?jk=64477f2cc6b9a64b&fccid=86e9be6ce380173e&vjs=3,"{'php', 'release', 'design', 'framework', 'react', 'scalability', 'javascript', 'business', 'software'}"
Sr. Software Engineer - Infrastructure,https://www.indeed.com/rc/clk?jk=cb4a3dc47484adfe&fccid=f5d526c81b4033de&vjs=3,"{'security', 'databases', 'git', 'testing', 'jenkins', 'linux', 'chef', 'software', 'continuous-deployment', 'docker', 'design', 'flux', 'kubernetes', 'github', 'ansible', 'software-engineering', 'bash', 'terraform', 'circleci', 'ruby', 'python', 'sql', 'support', 'nosql', 'scalability', 'gitlab'}"
Associate Software Engineer,https://www.indeed.com/rc/clk?jk=1aa3ab3a11f72004&fccid=deb234f9dd3edcea&vjs=3,"{'nodejs', 'angular', 'node.js', 'cypress', 'finance', 'design', 'engineering', 'code-review', 'testing', 'react', 'support', 'jest', 'javascript', 'deployment', 'collaboration', 'business', 'software'}"
Frontend Engineer,https://www.indeed.com/rc/clk?jk=e821d10ab2fbe781&fccid=987e161adfa0ca7b&vjs=3,"{'haskell', 'design', 'ios', 'webpack', 'engineering', 'computer-science', 'typescript', 'react', 'android', 'css', 'webapp'}"
newObject-Oriented Programmer,"https://www.indeed.com/company/AMCHES,-INC/jobs/Object-Oriented-Programmer-c9b9191580e6c14c?fccid=0e7521d897b11d5b&vjs=3","{'design', 'databases', 'documentation', 'algorithm', 'java', 'python', 'c', 'database', 'languages', 'software'}"
Developer I - Software Engineering,https://www.indeed.com/rc/clk?jk=7d6ded5b640238ec&fccid=810178099fb1fcbc&vjs=3,"{'release', 'schedule', 'design', 'documentation', 'engineering', 'component', 'support', 'testing', 'libraries', 'business', 'software'}"
newREMOTE: Software Engineer (3 Positions Available),https://www.indeed.com/rc/clk?jk=146a9b23785074d6&fccid=8fd73c5a86b23f93&vjs=3,"{'software-engineering', 'mysql', 'application-and-data', 'design', 'engineering', 'testing', 'react', 'ecommerce', 'scalability', 'medium', 'javascript', 'collaboration', 'business', 'database', 'python', 'software'}"
newSoftware Engineer I,https://www.indeed.com/rc/clk?jk=97a36ce9e6549195&fccid=c7fe240be61ab988&vjs=3,"{'release', 'security', 'git', 'c', 'testing', 'html', 'software', 'design', 'grpc', 'kubernetes', 'css', 'database', 'server', 'vue', 'visual-studio', 'asp.net', 'azure', 'collaboration', 'schedule', 'sql', 'support', 'javascript'}"
Software Engineer (Python),https://www.indeed.com/rc/clk?jk=fbf61ff26fc849dc&fccid=31352105e0180745&vjs=3,"{'windows', 'docker', 'design', 'mobile', 'ios', 'java', 'django', 'engineering', 'cucumber', 'c', 'android', 'flask', 'linux', 'business', 'operating-systems', 'python', 'languages', 'software'}"
ERP Software Developer,https://www.indeed.com/rc/clk?jk=48a919cf1f37ccde&fccid=2655ee0588d06183&vjs=3,"{'schedule', 'design', 'databases', 'css', 'sql', 'computer-science', 'oracle', 'support', 'data-modeling', 'javascript', 'debugging', 'html', 'business', 'software-engineering', 'accounting', 'software'}"
Staff Software Engineer,https://www.indeed.com/rc/clk?jk=35dce3c136b5ee63&fccid=189d9431c3c1e8ca&vjs=3,"{'schedule', 'design', 'engineering', 'computer-science', 'support', 'android', 'specification', 'computer-engineering', 'software'}"
newSoftware Engineer - Backend (US - Remote),https://www.indeed.com/rc/clk?jk=e7c8abcd3473b7e0&fccid=aef928e89977f7f0&vjs=3,"{'api', 'documentation', 'design', 'programming-language', 'engineering', 'cpp', 'debugging', 'collaboration', 'python', 'software'}"
"Staff Software Engineer, Backend - Backend",https://www.indeed.com/rc/clk?jk=3203d5c7760eb85d&fccid=8d0ce3817d129779&vjs=3,"{'api', 'mysql', 'databases', 'algorithm', 'c', 'android', 'linux', 'languages', 'software', 'design', 'mobile', 'java', 'information-retrieval', 'ios', 'engineering', 'computer-science', 'data-structures', 'business', 'ruby', 'python', 'php', 'support', 'slack', 'scalability'}"
newSoftware Engineer,https://www.indeed.com/company/Mackinnon-and-Partners/jobs/Software-Engineer-2f1cd6125f948ab9?fccid=5939464ebe24cd17&vjs=3,"{'schedule', 'design', 'documentation', 'java', 'google', 'c', 'testing', 'specification', 'artificial-intelligence', 'data-structures', 'python', 'languages', 'software'}"
newPython Software Engineer,https://www.indeed.com/rc/clk?jk=c75aa3f2d70bc091&fccid=aaf3b433897ea465&vjs=3,"{'design', 'mobile', 'programming-language', 'engineering', 'payments', 'c', 'testing', 'machine-learning', 'deployment', 'business', 'big-data', 'software-engineering', 'python', 'software'}"
newSoftware Engineer,https://www.indeed.com/rc/clk?jk=265d6fa1a966aeb1&fccid=db26ffa6d817447f&vjs=3,"{'ambiguity', 'git', 'c', 'testing', 'machine-learning', 'operating-systems', 'software', 'computation', 'bayesian-inference', 'quantum-computer', 'debugging', 'database', 'julia', 'computer-science', 'monitoring', 'python', 'atom', 'sql', 'gitlab'}"
Frontend Engineer,https://www.indeed.com/rc/clk?jk=052ccd09a5512091&fccid=c267202434f82771&vjs=3,"{'design', 'css', 'testing', 'javascript', 'html', 'software'}"
Software Engineer,https://www.indeed.com/company/Tiktok-Pte.-Ltd./jobs/Software-Engineer-cc7f6aa2e76825b0?fccid=3de77e3672597026&vjs=3,"{'schedule', 'security', 'design', 'mobile', 'algorithm', 'java', 'objective-c', 'computer-science', 'c', 'cpp', 'javascript', 'debugging', 'linux', 'data-structures', 'big-data', 'python', 'languages', 'software'}"
"newFrontend Engineer - React, Node",https://www.indeed.com/rc/clk?jk=40ac1743da10a5c6&fccid=c203fef43a305e3e&vjs=3,"{'release', 'security', 'library', 'languages', 'software', 'nodejs', 'es6', 'design', 'framework', 'typescript', 'react', 'debugging', 'server', 'vue', 'engineering', 'business', 'python', 'node.js', 'javascript', 'ember'}"
newSoftware Engineer II - Cart & Checkout (REMOTE),https://www.indeed.com/rc/clk?jk=0894a46370820255&fccid=55a2bdb0a91b873d&vjs=3,"{'design', 'databases', 'java', 'engineering', 'nosql', 'business', 'spring-boot', 'software-engineering', 'software'}"
Firmware Engineer,https://www.indeed.com/rc/clk?jk=03eea16de9393491&fccid=7fe192e104c79a68&vjs=3,"{'design', 'engineering', 'c', 'testing', 'cpp', 'shell', 'debugging', 'computer-engineering', 'data-structures', 'python', 'software'}"
newPrincipal Software Engineer,https://www.indeed.com/rc/clk?jk=31e52bb9bd66d5b8&fccid=734cb5a01ee60f80&vjs=3,"{'windows', 'security', 'azure', 'mobile', 'design', 'ios', 'java', 'engineering', 'microsoft-azure', 'c', 'computer-science', 'android', 'collaboration', 'business', 'software-engineering', 'software'}"
"Software Engineer, Full Stack, 1+ Years Experience - Los Ang...",https://www.indeed.com/rc/clk?jk=32381d2279f35930&fccid=f368300325e8e8bc&vjs=3,"{'testing', 'libraries', 'functional-programming', 'html', 'software', 'design', 'java', 'google', 'typescript', 'kubernetes', 'css', 'redis', 'frontend', 'engineering', 'computer-science', 'python', 'nosql', 'javascript', 'angularjs'}"
newSoftware Engineer,https://www.indeed.com/rc/clk?jk=7d77e9cb1002ce14&fccid=58fef0e5bbfde084&vjs=3,"{'nodejs', 'design', 'sql', 'engineering', 'computer-engineering', 'play', 'javascript', 'machine-learning', 'css', 'html5', 'data-science', 'business', 'software-engineering', 'languages', 'software'}"
Software Engineer,https://www.indeed.com/rc/clk?jk=fcbd405e1b17be64&fccid=96b867feb66827c1&vjs=3,"{'programming-language', 'engineering', 'computer-science', 'testing', 'support', 'collaboration', 'business', 'software'}"
newJr Java Developer (Entry Level),https://www.indeed.com/company/Kanisol-Inc/jobs/Junior-Java-Developer-fbf6c87bc2465491?fccid=bb0ac0d6ff2fcd41&vjs=3,"{'server', 'schedule', 'design', 'mobile', 'devops', 'java', 'data-modeling', 'support', 'testing', 'business', 'languages'}"
newSoftware Engineer,https://www.indeed.com/company/Skywalk-Global/jobs/Software-Engineer-b5386312057ed4cc?fccid=548a752639d262d1&vjs=3,"{'schedule', 'optical-character-recognition', 'databases', 'java', 'python', 'software'}"
"Professional, Software Engineer",https://www.indeed.com/rc/clk?jk=900b53ca36de692b&fccid=67e7d62a7f3782fd&vjs=3,"{'design', 'engineering', 'testing', 'support', 'knowledge-base', 'debugging', 'business', 'software-engineering', 'software'}"
newRobotics Software Engineer,"https://www.indeed.com/company/Sunfish,-Inc./jobs/Robotic-Software-Engineer-912e5030997d9c10?fccid=83ea973b3c41a774&vjs=3","{'schedule', 'continuous-integration', 'raspberry-pi', 'design', 'documentation', 'c', 'cpp', 'arduino', 'linux', 'data-processing', 'python', 'software'}"
newFull Time Controls Software Engineer,https://www.indeed.com/rc/clk?jk=23699fa506bbdbb2&fccid=946fcfeaee736e93&vjs=3,"{'robot', 'design', 'mobile', 'algorithm', 'visual-inspection', 'computer-science', 'cpp', 'testing', 'image-processing', 'play', 'localization', 'linux', 'sonar', 'computer-vision', 'python', 'software'}"
newSr Software Engineer II,https://www.indeed.com/company/Sorenson-Communications/jobs/Senior-Software-Engineer-8af4a13349f31fc6?fccid=6e6541d7945a1180&vjs=3,"{'algorithm', 'c', 'testing', 'android', 'linux', 'xml', 'software', 'communications', 'design', 'java', 'software-engineering', 'json', 'engineering', 'component', 'schedule', 'cpp', 'http', 'telephony', 'swift', 'multimedia'}"
Associate Software Engineer - multiple locations,https://www.indeed.com/rc/clk?jk=ef48b932e5544fce&fccid=ae5bfc395c530fbc&vjs=3,"{'security', 'algorithm', 'computer-architecture', 'testing', 'software', 'design', 'java', 'code-review', 'debugging', 'database', 'reliability-engineering', 'devops', 'engineering', 'computer-science', 'data-structures', 'collaboration', 'python', 'sql', 'support', 'scalability'}"
"Associate Producer, Games",https://www.indeed.com/rc/clk?jk=541fa19c67b512e0&fccid=6908893b5c7af08c&vjs=3,"{'jira', 'design', 'documentation', 'mobile', 'project-management', 'support', 'play', 'game-development', 'material', 'collaboration'}"
Software Engineer I - Channel Moderation,https://www.indeed.com/rc/clk?jk=d765da78103da05d&fccid=e21f6affbb4bb0b2&vjs=3,"{'algorithm', 'java', 'engineering', 'computer-science', 'c', 'ruby', 'javascript', 'twitter', 'data-structures', 'python', 'languages', 'software'}"
newSoftware Engineer - Rating (Python and Java) - Open to Remot...,https://www.indeed.com/rc/clk?jk=5a335005d593d15e&fccid=e5c4515812210aed&vjs=3,"{'security', 'system-integration', 'databases', 'algorithm', 'testing', 'business-intelligence', 'software', 'communications', 'design', 'java', 'bitbucket', 'react', 'specification', 'debugging', 'server', 'azure', 'documentation', 'devops', 'programming-language', 'query-language', 'business', 'python', 'sql', 'support', 'gitlab'}"
Frontend Software Engineer,https://www.indeed.com/rc/clk?jk=a617e6c82c86ddde&fccid=ee6807b900a9998d&vjs=3,"{'operations-research', 'electrical-engineering', 'c', 'android', 'sensor-fusion', 'languages', 'software', 'docker', 'react-native', 'design', 'mobile', 'java', 'typescript', 'react', 'artificial-intelligence', 'data-analysis', 'github', 'frontend', 'programming-language', 'engineering', 'computer-science', 'computer-vision', 'haskell', 'cpp', 'support', 'javascript', '3d', 'redux', 'swift'}"
newSoftware Engineer Contractor,https://www.indeed.com/rc/clk?jk=57fc9d7d6a39aed8&fccid=7ae83685be939814&vjs=3,"{'windows', 'schedule', 'docker', 'design', 'programming-language', 'bash', 'testing', 'support', 'debugging', 'artificial-intelligence', 'linux', 'jenkins', 'big-data', 'python', 'software'}"
Entry Level Web Developer,https://www.indeed.com/company/RDL-Technologies/jobs/Entry-Level-Web-Developer-db435bddbfb8190e?fccid=a9a79c9a73b66a9a&vjs=3,"{'angular', 'git', 'testing', 'html', 'xml', 'languages', 'software', 'jquery', 'java', 'dotnet', 'css', 'json', 'programming-language', 'oracle', 'computer-science', 'jira', 'business', 'data-integrity', 'crystal', 'schedule', 'sql', 'support', 'data-consistency', 'javascript'}"
newSr Full Stack Software Engineer,https://www.indeed.com/company/TTI-GLOBAL/jobs/Senior-Full-Stack-Software-Engineer-4854dff074340083?fccid=f03eedf71299a8dc&vjs=3,"{'schedule', 'library', 'java', 'programming-language', 'spring', 'computer-science', 'component', 'testing', '3d'}"
Web Developer,https://www.indeed.com/company/CorDx/jobs/Web-Developer-370bd89a13a9d5b8?fccid=22ed2f8c013fa9e1&vjs=3,"{'testing', 'schedule', 'wordpress', 'deployment'}"
newSr. Software Engineer RRUS/605/2021,https://www.indeed.com/rc/clk?jk=898ab5b1540740fd&fccid=69721041e85636d8&vjs=3,"{'support', 'engineering', 'business-intelligence'}"
newAutomation Software Engineer,"https://www.indeed.com/company/AMCHES,-INC/jobs/Automation-Software-Engineer-4e646bb2b62736b3?fccid=0e7521d897b11d5b&vjs=3","{'api', 'confluence', 'design', 'documentation', 'java', 'testing', 'linux', 'jira', 'collaboration', 'software'}"
"DevOps Engineer ( manufacturing, production )",https://www.indeed.com/company/Leica-Biosystems/jobs/Devop-Engineer-076f571250eec535?fccid=f8d12c4ab90cd8e9&vjs=3,"{'process-engineering', 'schedule', 'databases', 'devops', 'support', 'play', 'deployment', 'database', 'languages', 'software'}"
Junior Gameplay Engineer,https://www.indeed.com/rc/clk?jk=fe529424cab86f50&fccid=3464c46cc21da8dd&vjs=3,"{'design', 'computer-science', 'c', 'virtual-reality', 'medium', 'debugging'}"
newJunior Software Developer,https://www.indeed.com/rc/clk?jk=97f9a729c0da73b8&fccid=ef6981cd4278fdbc&vjs=3,"{'design', 'mobile', 'documentation', 'sql', 'engineering', 'computer-science', 'c', 'support', 'javascript', 'collaboration', 'software'}"
"newTesla Recharge ""Returnship"" Program - Software Engineer, Fro...",https://www.indeed.com/rc/clk?jk=b30cbd352de4493f&fccid=86e9be6ce380173e&vjs=3,"{'mysql', 'design', 'frontend', 'databases', 'sql', 'git', 'computer-science', 'react', 'nosql', 'javascript', 'css', 'business', 'angularjs', 'software'}"
Web Developer for a Tech Startup,https://www.indeed.com/company/Abe/jobs/Web-Developer-Tech-Startup-c21cb31760baa669?fccid=2b3b16af07235561&vjs=3,"{'databases', 'testing', 'html5', 'software', 'mongodb', 'design', 'mobile', 'framework', 'google', 'react', 'ios', 'project-management', 'computer-science', 'ionic', 'business', 'schedule', 'support', 'http', 'javascript', 'gitlab', 'user-interface'}"
Software Engineer - Remote,https://www.indeed.com/rc/clk?jk=86932889c041bca4&fccid=1704ead70cf70c05&vjs=3,"{'schedule', 'security', 'design', 'css', 'ecommerce', 'commerce', 'javascript', 'html', 'business', 'languages', 'software'}"
newPython Software Engineering Teaching Assistant (Part-Time),https://www.indeed.com/rc/clk?jk=cc10e115d1ed386e&fccid=4a63ba4ff006471b&vjs=3,"{'languages', 'software-engineering', 'python'}"
Software Engineer Manager,https://www.indeed.com/company/Zigzy/jobs/Software-Engineer-Manager-54bed213c6d4119f?fccid=ff85e7bb2995a8c3&vjs=3,"{'release', 'schedule', 'angular', 'analytics', 'engineering', 'computer-science', 'c', 'business', 'software'}"
Entry Level/Junior Software Engineer,https://www.indeed.com/rc/clk?jk=e54ebc2a6bdd0eec&fccid=bae098e9666bd225&vjs=3,"{'windows', 'angular', 'security', 'git', 'algorithm', 'leaflet', 'c', 'testing', 'shell', 'android', 'linked-data', 'linux', 'html', 'jenkins', 'xml', 'operating-systems', 'languages', 'software', 'jquery', 'hibernate', 'communications', 'mongodb', 'design', 'java', 'framework', 'bootstrap', 'debugging', 'css', 'visual-studio', 'system-testing', 'json', 'rdf', 'engineering', 'computer-science', 'objective-c', 'database-tools', 'oracle', 'spring', 'android-sdk', 'business', 'maven', 'perl', 'python', 'ajax', 'continuous-integration', 'electron', 'sql', 'cpp', 'support', 'nosql', 'eclipse', 'javascript', 'ember'}"
Campus - Fresher Software Developer Trainee,https://www.indeed.com/rc/clk?jk=bc5cb7cc792d8e8f&fccid=67c1c701fe4bb3db&vjs=3,"{'angular', 'mobile', 'blockchain', 'ios', 'java', 'engineering', 'computer-science', 'c', 'support', 'android', 'html', 'artificial-intelligence', 'user-interface', 'software'}"
Software Engineer - Backend - Java,https://www.indeed.com/company/StraighterLine/jobs/Software-Engineer-76a51a1a73a311f2?fccid=62c5a26d4f3a7753&vjs=3,"{'communications', 'kafka', 'security', 'docker', 'schedule', 'git', 'java', 'scalability', 'css', 'jira', 'business', 'spring-boot', 'software'}"
Software Engineer - Entry level - No Bachelors,https://www.indeed.com/company/SoftSages-Technology-Inc/jobs/Software-Engineer-5649e91a0b4625f4?fccid=87e23630086e0642&vjs=3,"{'angular', 'data-management', 'design', 'documentation', 'java', 'framework', 'testing', 'react', 'debugging', 'deployment', 'business', 'redux', 'software'}"
newJunior .NET Software Developer,https://www.indeed.com/rc/clk?jk=21dae43ff0fed48b&fccid=c9538b927313f8e0&vjs=3,"{'data-stores', 'encryption', 'devops', 'payments', 'engineering', 'framework', 'c', 'systems-engineering', 'nosql', '.net', 'business', 'software'}"
newAssociate Software Engineer,https://www.indeed.com/rc/clk?jk=4d579686076ae1e0&fccid=21df030fae150acc&vjs=3,"{'windows', 'integrated-development-environment', 'databases', 'c', 'operating-systems', 'languages', 'software', 'design', 'java', 'computer-engineering', 'database', 'software-engineering', 'embedded-system', 'server', 'documentation', 'engineering', 'computer-science', 'business', 'cpp'}"
newSoftware Engineer - Remote,https://www.indeed.com/rc/clk?jk=8a66cb7180ba024f&fccid=aad6955e33f3c166&vjs=3,"{'api', 'c', 'software', 'design', 'framework', 'elasticsearch', 'typescript', 'react', 'debugging', 'software-engineering', 'azure', 'documentation', 'graphql', 'computer-science', 'marketing', 'interaction', 'business', 'schedule', 'continuous-integration', 'http', 'javascript'}"
"Software Engineer, Frontend (Remote Positions Available)",https://www.indeed.com/rc/clk?jk=6c916d8140ebe843&fccid=611a140f643cc42d&vjs=3,"{'code-quality', 'design', 'graphql', 'engineering', 'typescript', 'support', 'javascript', 'collaboration', 'software'}"
Software Engineer,https://www.indeed.com/company/pMD/jobs/Software-Engineer-196558af8f3a9d96?fccid=1be92e9900870fe9&vjs=3,"{'schedule', 'mobile'}"
"Tesla Recharge ""Returnship"" Program: Integration Engineer, F...",https://www.indeed.com/rc/clk?jk=278d40c915bd1369&fccid=86e9be6ce380173e&vjs=3,"{'sql', 'engineering', 'enterprise-system', 'support', 'monitoring', 'python', 'software'}"
newFirmware Engineer,https://www.indeed.com/company/Insyto-Technology-Services-US-Inc/jobs/Firmware-Engineer-28c2540ec5b015e5?fccid=455e96563bee212a&vjs=3,"{'testing', 'schedule', 'c'}"
newScientific Software Developer,https://www.indeed.com/rc/clk?jk=6400d10850533197&fccid=10b5a4abcc6bf067&vjs=3,"{'mysql', 'databases', 'algorithm', 'git', 'operating-systems', 'solr', 'languages', 'software', 'publishing', 'docker', 'relational-database', 'mongodb', 'design', 'java', 'big-data', 'database', 'graphql', 'engineering', 'computer-science', 'data-structures', 'collaboration', 'python', 'schedule', 'support', 'javascript', '3d', 'supercomputer', 'visualization'}"
Software Engineer,https://www.indeed.com/company/Neuro--Kinesis-Corporation-(NKC)/jobs/Software-Engineer-94a51844704a625d?fccid=5131ebbfe7241e65&vjs=3,"{'schedule', 'design', 'signal-processing', 'java', 'engineering', 'c', 'digital-signal-processing', 'software-engineering', 'software'}"
newPython Software Engineer,https://www.indeed.com/rc/clk?jk=c75aa3f2d70bc091&fccid=aaf3b433897ea465&vjs=3,"{'design', 'mobile', 'programming-language', 'engineering', 'payments', 'c', 'testing', 'machine-learning', 'deployment', 'business', 'big-data', 'software-engineering', 'python', 'software'}"
Software Performance Engineer,https://www.indeed.com/rc/clk?jk=dbb40caaa159b492&fccid=734cb5a01ee60f80&vjs=3,"{'security', 'design', 'mobile', 'engineering', 'computer-science', 'cpp', 'testing', 'simulation', 'support', 'python', 'software'}"
Frontend Engineer,https://www.indeed.com/rc/clk?jk=6d2a99c316a27781&fccid=a493a2968f1b28a5&vjs=3,"{'git', 'testing', 'libraries', 'html', 'sass', 'software', 'docker', 'react-native', 'design', 'babel', 'react', 'css', 'syntax', 'deployment', 'engineering', 'collaboration', 'business', 'webpack', 'wordpress', 'support', 'play', 'javascript', 'postcss'}"
Medical Device Software Test Engineer,"https://www.indeed.com/company/Simpson-Interventions,-Inc./jobs/Medical-Device-Software-Test-Engineer-c245d1ce8b47cbd1?fccid=8f83bfb445865196&vjs=3","{'schedule', 'design', 'documentation', 'c', 'testing', 'support', 'cpp', 'operating-system', 'python', 'software'}"
Software Engineer I,https://www.indeed.com/rc/clk?jk=835c0973db3a626b&fccid=6bcbaf35af26e1a6&vjs=3,"{'computer-science', 'machine-learning', 'software'}"
SaaS Software Engineer,"https://www.indeed.com/company/Iron-IQ,-Inc/jobs/Saas-Software-Engineer-236186b9bfba63df?fccid=f2ef51c2333c70b2&vjs=3","{'angular', 'mechanical-engineering', 'highcharts', 'library', 'libraries', 'linux', 'software', 'nodejs', 'code-quality', 'design', 'computer-programming', 'object-oriented-programming', 'computer-science', 'python', 'schedule', 'sql', 'support', 'nosql', 'javascript', 'prometheus', 'data-analysis'}"
Software Engineer,https://www.indeed.com/company/Airtonomy/jobs/Software-Engineer-a55ccc917d557427?fccid=f120bd3323ab7035&vjs=3,"{'api', 'git', 'c', 'testing', 'functional-programming', 'machine-learning', 'software', 'code-quality', 'mobile', 'kotlin', 'diagram', 'java', 'grpc', 'deployment', 'database', 'graphql', 'engineering', 'business', 'computer-vision', 'python', 'schedule', 'robot', 'sql', 'cpp', 'support', 'http', 'data-analysis'}"
Sr Software Engineer - Recommendations,https://www.indeed.com/rc/clk?jk=72c9a2b964faabe7&fccid=f2d0ffe36bb2f0f4&vjs=3,"{'advertising', 'kafka', 'business', 'sql', 'java', 'spring', 'engineering', 'computer-science', 'marketing', 'support', 'testing', 'machine-learning', 'data-processing', 'data-science', 'marketing-automation', 'snowflake', 'beanstalk'}"
Embedded Software Engineer,https://www.indeed.com/company/Singular-Medical/jobs/Embedded-Software-Engineer-55e88f9962725a25?fccid=1553603647261b7d&vjs=3,"{'schedule', 'design', 'system-testing', 'documentation', 'electrical-engineering', 'algorithm', 'matlab', 'computer-science', 'c', 'testing', 'cpp', 'simulation', 'languages', 'python', 'data-analysis', 'software'}"
newKuvio Creative Junior Developer Apprenticeship,https://www.indeed.com/company/Kuvio-Creative/jobs/Junior-Developer-Apprenticeship-0f14660c9e8f46b2?fccid=0d0d930fc280c8cd&vjs=3,"{'schedule', 'visual-studio', 'framework', 'microsoft-azure', 'c', 'microsoft-sql-server', 'html', 'css', 'github', 'languages', 'software'}"
Software Engineer-Backend,https://www.indeed.com/rc/clk?jk=61d6889d94d1bfdd&fccid=9784ae78e9834539&vjs=3,"{'design', 'java', 'programming-language', 'support', 'deployment', 'business', 'software-engineering', 'python', 'software'}"
"newSoftware Engineer, Renter Value",https://www.indeed.com/rc/clk?jk=30051c4dcdc054d2&fccid=33780a8fa2b64a22&vjs=3,"{'api', 'pixel', 'engineering', 'computer-science', 'typescript', 'next.js', 'react', 'ruby', 'database', 'python', 'software'}"
newBackend Software Engineer,https://www.indeed.com/rc/clk?jk=6e2459f957affc4d&fccid=7136762d065a5ad7&vjs=3,"{'databases', 'library', 'algorithm', 'android', 'software', 'mobile', 'kotlin', 'design', 'typescript', 'react', 'medium', 'software-engineering', 'database', 'ios', 'data-structures', 'collaboration', 'computer-graphics', 'python', 'support', '3d'}"
Technical & Systems Game Designer (New Game Incubation Team),https://www.indeed.com/rc/clk?jk=b7eee3d641b2d9d7&fccid=617d7f961cfcf54a&vjs=3,"{'languages', 'design'}"
Front-End Engineer (Remote or Los Angeles),https://www.indeed.com/company/SDG/jobs/Front-End-Engineer-b894f0ef76e6bfeb?fccid=91f7c01f84182f9a&vjs=3,"{'jquery', 'semantic-html', 'pixel', 'design', 'engineering', 'ecommerce', 'react', 'javascript'}"
Testbed and Prototypes Software Engineer (Remote Friendly),https://www.indeed.com/rc/clk?jk=3491145e4de8fce5&fccid=5bee64c47451d1c2&vjs=3,"{'docker', 'documentation', 'git', 'java', 'computer-science', 'c', 'support', 'libraries', 'javascript', 'linux', 'gitlab', 'python', 'languages', 'software'}"
newFront End / WordPress Web Developer,"https://www.indeed.com/company/Caspian-Services,-Inc./jobs/Front-End-beba325fc4cf510b?fccid=4a5bbee10772c25a&vjs=3","{'schedule', 'mysql', 'design', 'frontend', 'css', 'wordpress', 'medium', 'html', 'composer'}"
Software Engineer,https://www.indeed.com/rc/clk?jk=4988a34c62d6be6c&fccid=b91da02591631711&vjs=3,"{'mobile', 'software'}"
"Software Engineer I, II, III, or Senior",https://www.indeed.com/rc/clk?jk=82ecc27c954ad15d&fccid=3847add5b9b2c762&vjs=3,"{'design', 'sql', 'devops', 'java', 'c', 'support', 'testing', 'dotnet', 'business', 'operating-systems', 'software'}"
Software Engineer,https://www.indeed.com/company/Coalesce-Management-Consulting/jobs/Software-Engineer-484487c1dd4756e3?fccid=fac84c76021a5086&vjs=3,"{'schedule', 'kotlin', 'java', 'cpp', 'android', 'debugging', 'middleware', 'software'}"
Junior Software Engineer,https://www.indeed.com/rc/clk?jk=a87712a4c11e5448&fccid=b2f75d106ae3f96c&vjs=3,"{'continuous-deployment', 'terraform', 'frontend', 'css', 'graphql', 'framework', 'computer-science', 'c', 'next.js', 'react', 'support', 'javascript', 'scalability', 'html', 'business', 'sass', 'python', 'software'}"
Software Engineer,https://www.indeed.com/company/Energy-Solutionss/jobs/Software-Engineer-2e2403f458d4e732?fccid=d1487c856e949724&vjs=3,"{'variables', 'release', 'schedule', 'algorithm', 'testing', 'play', 'machine-learning', 'workflow', 'business', 'big-data', 'software'}"
Software Engineer - Platform,https://www.indeed.com/rc/clk?jk=76ddcf435e07a36e&fccid=c594c442f5397e7b&vjs=3,"{'api', 'object-oriented-programming', 'git', 'databases', 'design', 'computer-science', 'support', 'testing', 'github', 'ruby', 'software'}"
newSoftware Engineer,https://www.indeed.com/company/CGTech/jobs/Software-Engineer-cca51a4387bd2516?fccid=fc047dbc5b47d656&vjs=3,"{'windows', 'mechanical-engineering', 'schedule', 'design', 'algorithm', 'java', 'computer-science', 'c', 'simulation', 'testing', '3d', 'debugging', 'computer-engineering', 'data-structures', 'business', 'computer-graphics', 'software'}"
newAssociate Software Engineer,https://www.indeed.com/company/Big-Room-Studios/jobs/Associate-Software-Engineer-bc5eb253f88882e1?fccid=67a3ca9d6a9b8844&vjs=3,"{'nodejs', 'schedule', 'design', 'testing', 'react', 'javascript', 'machine-learning', 'artificial-intelligence', 'database', 'software-engineering', 'software'}"
newStaff Site Reliability Engineer,https://www.indeed.com/rc/clk?jk=161c6231d971d13c&fccid=86e9be6ce380173e&vjs=3,"{'security', 'design', 'engineering', 'support', 'scalability', 'software', 'high-availability', 'deployment', 'monitoring', 'reliability-engineering'}"
newRobotics Software Engineer,"https://www.indeed.com/company/Sunfish,-Inc./jobs/Robotic-Software-Engineer-912e5030997d9c10?fccid=83ea973b3c41a774&vjs=3","{'schedule', 'continuous-integration', 'raspberry-pi', 'design', 'documentation', 'c', 'cpp', 'arduino', 'linux', 'data-processing', 'python', 'software'}"
Software Engineer,https://www.indeed.com/rc/clk?jk=9a9474f4e7f7a3dd&fccid=d3f4673f50ff265c&vjs=3,"{'mysql', 'databases', 'shell', 'linux', 'html', 'languages', 'software', 'analytics', 'design', 'mobile', 'react', 'css', 'database', 'software-engineering', 'azure', 'frontend', 'project-management', 'computer-science', 'business', 'perl', 'source-code', 'ruby', 'python', 'php', 'sql', 'nosql', 'user-interface'}"
newMachine Learning Engineer (Junior),https://www.indeed.com/rc/clk?jk=efa3f8ce83dd6538&fccid=96c432437b02a977&vjs=3,"{'security', 'git', 'deep-learning', 'testing', 'libraries', 'machine-learning', 'data-processing', 'software', 'anomaly-detection', 'deployment', 'software-engineering', 'engineering', 'natural-language-understanding', 'data-structures', 'collaboration', 'python', 'natural-language-processing', 'gaussian-process', 'visualization'}"
Associate Software Engineering Program,https://www.indeed.com/rc/clk?jk=6d8a2505e00ffe1b&fccid=3c74eafe288fc8ca&vjs=3,"{'buddy', 'design', 'mobile', 'java', 'algorithm-design', 'computer-science', 'c', 'play', 'interaction', 'data-structures', 'artificial-intelligence', 'big-data', 'database'}"
Associate Software Engineer,https://www.indeed.com/rc/clk?jk=1aa3ab3a11f72004&fccid=deb234f9dd3edcea&vjs=3,"{'nodejs', 'angular', 'node.js', 'cypress', 'finance', 'design', 'engineering', 'code-review', 'testing', 'react', 'support', 'jest', 'javascript', 'deployment', 'collaboration', 'business', 'software'}"
Staff Software Engineer (1 of 2),https://www.indeed.com/rc/clk?jk=0d182ff4928ca230&fccid=0bed8e17bc113980&vjs=3,"{'security', 'c', 'deep-learning', 'testing', 'machine-learning', 'languages', 'software', 'continuous-deployment', 'java', 'artificial-intelligence', 'deployment', 'software-engineering', 'cluster-management', 'documentation', 'engineering', 'computer-science', 'collaboration', 'computer-vision', 'python', 'airflow', 'natural-language-processing', 'cpp', 'support'}"
newSoftware and Robotics Engineer,https://www.indeed.com/company/Levatas/jobs/Software-Robotic-Engineer-917756a6795870d5?fccid=83517b19771b1b41&vjs=3,"{'robot', 'docker', 'azure', 'design', 'css', 'support', 'html', 'javascript', 'machine-learning', 'artificial-intelligence', 'python', 'software'}"
Computer Engineer,https://www.indeed.com/company/VoXt-Enterprises/jobs/Computer-Engineer-2c8b817ea2bceafa?fccid=a0bf006a2630f99e&vjs=3,"{'business', 'schedule', 'java', 'software'}"
newSOFTWARE ENGINEER (REMOTE),https://www.indeed.com/rc/clk?jk=9b77bb24e4cc2fd4&fccid=3d30677097704d8f&vjs=3,"{'release', 'git', 'c', 'testing', 'jenkins', 'linux', 'workflow', 'operating-systems', 'languages', 'software', 'polymer', 'docker', 'analytics', 'design', 'java', 'clojure', 'database', 'azure', 'devops', 'engineering', 'computer-science', 'interaction', 'business', 'datadog', 'python', 'airflow', 'sql', 'systems-engineering', 'support', 'nosql', 'javascript', 'data-science'}"
Software Engineer Manager,https://www.indeed.com/company/Bamboo-Consulting/jobs/Software-Engineer-Manager-3062db6f8336084c?fccid=59614ece980d2294&vjs=3,"{'security', 'software', 'docker', 'design', 'framework', 'react', 'deployment', 'software-engineering', 'azure', 'engineering', 'ecommerce', 'bamboo', 'monitoring', 'business', 'workload', 'support', 'http', 'scalability', 'redux'}"
"Entry Level Software Engineer - San Diego, CA",https://www.indeed.com/rc/clk?jk=800defc2677b6f6a&fccid=780532f7d5846a4c&vjs=3,"{'design', 'algorithm', 'bash', 'engineering', 'computer-science', 'c', 'support', 'linux', 'computer-engineering', 'machine-learning', 'artificial-intelligence', 'business', 'python', 'languages', 'software'}"
Associate Software Engineer - Search & Personalization,https://www.indeed.com/rc/clk?jk=21ea8a3a3d961cda&fccid=6262eae176df0db9&vjs=3,"{'angular', 'testing', 'html', 'cloudflare', 'fastly', 'software', 'docker', 'java', 'google', 'react', 'kubernetes', 'css', 'terraform', 'azure', 'spring', 'graphql', 'engineering', 'collaboration', 'business', 'akamai', 'play', 'javascript'}"
"newSoftware Engineer, Android, 1+ Years of Experience - Austin",https://www.indeed.com/rc/clk?jk=6aea23e0693726cd&fccid=f368300325e8e8bc&vjs=3,"{'code-quality', 'design', 'kotlin', 'mobile', 'java', 'computer-science', 'support', 'android', 'software-engineering'}"
Software Performance Engineer,https://www.indeed.com/rc/clk?jk=dbb40caaa159b492&fccid=734cb5a01ee60f80&vjs=3,"{'security', 'design', 'mobile', 'engineering', 'computer-science', 'cpp', 'testing', 'simulation', 'support', 'python', 'software'}"
"newFront End Engineer, Factory Software",https://www.indeed.com/rc/clk?jk=73166b87da0ea447&fccid=86e9be6ce380173e&vjs=3,"{'npm', 'angular', 'release', 'databases', 'html', 'software', 'mobile', 'distributed-computing-environment', 'typescript', 'babel', 'react', 'debugging', 'css', 'json', 'computer-science', 'business', 'webpack', 'http', 'javascript'}"
Frontend Engineer,https://www.indeed.com/rc/clk?jk=6d2a99c316a27781&fccid=a493a2968f1b28a5&vjs=3,"{'git', 'testing', 'libraries', 'html', 'sass', 'software', 'docker', 'react-native', 'design', 'babel', 'react', 'css', 'syntax', 'deployment', 'engineering', 'collaboration', 'business', 'webpack', 'wordpress', 'support', 'play', 'javascript', 'postcss'}"
Medical Device Software Test Engineer,"https://www.indeed.com/company/Simpson-Interventions,-Inc./jobs/Medical-Device-Software-Test-Engineer-c245d1ce8b47cbd1?fccid=8f83bfb445865196&vjs=3","{'schedule', 'design', 'documentation', 'c', 'testing', 'support', 'cpp', 'operating-system', 'python', 'software'}"
Software Engineer I,https://www.indeed.com/rc/clk?jk=835c0973db3a626b&fccid=6bcbaf35af26e1a6&vjs=3,"{'computer-science', 'machine-learning', 'software'}"
SaaS Software Engineer,"https://www.indeed.com/company/Iron-IQ,-Inc/jobs/Saas-Software-Engineer-236186b9bfba63df?fccid=f2ef51c2333c70b2&vjs=3","{'angular', 'mechanical-engineering', 'highcharts', 'library', 'libraries', 'linux', 'software', 'nodejs', 'code-quality', 'design', 'computer-programming', 'object-oriented-programming', 'computer-science', 'python', 'schedule', 'sql', 'support', 'nosql', 'javascript', 'prometheus', 'data-analysis'}"
Software Engineer,https://www.indeed.com/company/Airtonomy/jobs/Software-Engineer-a55ccc917d557427?fccid=f120bd3323ab7035&vjs=3,"{'api', 'git', 'c', 'testing', 'functional-programming', 'machine-learning', 'software', 'code-quality', 'mobile', 'kotlin', 'diagram', 'java', 'grpc', 'deployment', 'database', 'graphql', 'engineering', 'business', 'computer-vision', 'python', 'schedule', 'robot', 'sql', 'cpp', 'support', 'http', 'data-analysis'}"
"newSoftware Engineer II, Minecraft, Mojang",https://www.indeed.com/rc/clk?jk=0c3417d88d36ad52&fccid=734cb5a01ee60f80&vjs=3,"{'schedule', 'azure', 'design', 'java', 'engineering', 'microsoft-azure', 'c', 'play', 'javascript', 'languages', 'minecraft', 'python', 'software'}"
Sr Software Engineer - Recommendations,https://www.indeed.com/rc/clk?jk=72c9a2b964faabe7&fccid=f2d0ffe36bb2f0f4&vjs=3,"{'advertising', 'kafka', 'business', 'sql', 'java', 'spring', 'engineering', 'computer-science', 'marketing', 'support', 'testing', 'machine-learning', 'data-processing', 'data-science', 'marketing-automation', 'snowflake', 'beanstalk'}"
Embedded Software Engineer,https://www.indeed.com/company/Singular-Medical/jobs/Embedded-Software-Engineer-55e88f9962725a25?fccid=1553603647261b7d&vjs=3,"{'schedule', 'design', 'system-testing', 'documentation', 'electrical-engineering', 'algorithm', 'matlab', 'computer-science', 'c', 'testing', 'cpp', 'simulation', 'languages', 'python', 'data-analysis', 'software'}"
newSoftware Developer Engineer,https://www.indeed.com/rc/clk?jk=4ff5ca2f5b3f6190&fccid=9ac45d217f8342a1&vjs=3,"{'finance', 'code-quality', 'design', 'mobile', 'frontend', 'java', 'framework', 'c', 'testing', 'react', 'xml', 'metadata', 'business', 'software'}"
newKuvio Creative Junior Developer Apprenticeship,https://www.indeed.com/company/Kuvio-Creative/jobs/Junior-Developer-Apprenticeship-0f14660c9e8f46b2?fccid=0d0d930fc280c8cd&vjs=3,"{'schedule', 'visual-studio', 'framework', 'microsoft-azure', 'c', 'microsoft-sql-server', 'html', 'css', 'github', 'languages', 'software'}"
Software Engineer-Backend,https://www.indeed.com/rc/clk?jk=61d6889d94d1bfdd&fccid=9784ae78e9834539&vjs=3,"{'design', 'java', 'programming-language', 'support', 'deployment', 'business', 'software-engineering', 'python', 'software'}"
"newSoftware Engineer, UEBA",https://www.indeed.com/rc/clk?jk=e90b2661bd69a987&fccid=86e9be6ce380173e&vjs=3,"{'security', 'databases', 'algorithm', 'c', 'machine-learning', 'data-processing', 'software', 'design', 'analytics', 'java', 'r', 'software-engineering', 'server', 'programming-language', 'engineering', 'monitoring', 'business', 'python', 'cpp', 'rust'}"
"newSoftware Engineer, Renter Value",https://www.indeed.com/rc/clk?jk=30051c4dcdc054d2&fccid=33780a8fa2b64a22&vjs=3,"{'api', 'pixel', 'engineering', 'computer-science', 'typescript', 'next.js', 'react', 'ruby', 'database', 'python', 'software'}"
newBackend Software Engineer,https://www.indeed.com/rc/clk?jk=6e2459f957affc4d&fccid=7136762d065a5ad7&vjs=3,"{'databases', 'library', 'algorithm', 'android', 'software', 'mobile', 'kotlin', 'design', 'typescript', 'react', 'medium', 'software-engineering', 'database', 'ios', 'data-structures', 'collaboration', 'computer-graphics', 'python', 'support', '3d'}"
Technical & Systems Game Designer (New Game Incubation Team),https://www.indeed.com/rc/clk?jk=b7eee3d641b2d9d7&fccid=617d7f961cfcf54a&vjs=3,"{'languages', 'design'}"
newSoftware Engineer I,https://www.indeed.com/rc/clk?jk=0c11859194cb5d34&fccid=13bf1ef5942c2cd5&vjs=3,"{'api', 'continuous-integration', 'design', 'java', 'json', 'framework', 'testing', 'jenkins', 'selenium', 'xml', 'software'}"
Front-End Engineer (Remote or Los Angeles),https://www.indeed.com/company/SDG/jobs/Front-End-Engineer-b894f0ef76e6bfeb?fccid=91f7c01f84182f9a&vjs=3,"{'jquery', 'semantic-html', 'pixel', 'design', 'engineering', 'ecommerce', 'react', 'javascript'}"
Testbed and Prototypes Software Engineer (Remote Friendly),https://www.indeed.com/rc/clk?jk=3491145e4de8fce5&fccid=5bee64c47451d1c2&vjs=3,"{'docker', 'documentation', 'git', 'java', 'computer-science', 'c', 'support', 'libraries', 'javascript', 'linux', 'gitlab', 'python', 'languages', 'software'}"
newFront End / WordPress Web Developer,"https://www.indeed.com/company/Caspian-Services,-Inc./jobs/Front-End-beba325fc4cf510b?fccid=4a5bbee10772c25a&vjs=3","{'schedule', 'mysql', 'design', 'frontend', 'css', 'wordpress', 'medium', 'html', 'composer'}"
Systems Software Engineer for Robotics,https://www.indeed.com/rc/clk?jk=854d063f2bfe5c02&fccid=c1099851e9794854&vjs=3,{}
Software Test Engineer,https://www.indeed.com/rc/clk?jk=bfea3fd4f6b83c58&fccid=3b2ebd371399b0dc&vjs=3,"{'release', 'windows', 'security', 'algorithm', 'c', 'testing', 'shell', 'linux', 'software', 'color-vision', 'communications', 'unity', 'design', 'mobile', 'debugging', 'database', 'engineering', 'python', 'continuous-integration', 'telecommunications', 'link-layer', 'cpp', 'support', 'systems-engineering', 'wireless'}"
Software Engineer,https://www.indeed.com/rc/clk?jk=4988a34c62d6be6c&fccid=b91da02591631711&vjs=3,"{'mobile', 'software'}"
Software Engineer,https://www.indeed.com/rc/clk?jk=2fa0d020ce6ddfc6&fccid=e21f6affbb4bb0b2&vjs=3,{}
"Software Engineer I, II, III, or Senior",https://www.indeed.com/rc/clk?jk=82ecc27c954ad15d&fccid=3847add5b9b2c762&vjs=3,{}
Software Engineer,https://www.indeed.com/company/Coalesce-Management-Consulting/jobs/Software-Engineer-484487c1dd4756e3?fccid=fac84c76021a5086&vjs=3,"{'schedule', 'kotlin', 'java', 'cpp', 'android', 'debugging', 'middleware', 'software'}"
"Software Engineer, DriveSim",https://www.indeed.com/rc/clk?jk=29041fb86f37f382&fccid=c267f29f0f85e8b8&vjs=3,{}
Junior Software Engineer,https://www.indeed.com/rc/clk?jk=a87712a4c11e5448&fccid=b2f75d106ae3f96c&vjs=3,"{'continuous-deployment', 'terraform', 'frontend', 'css', 'graphql', 'framework', 'computer-science', 'c', 'next.js', 'react', 'support', 'javascript', 'scalability', 'html', 'business', 'sass', 'python', 'software'}"
Software Engineer,https://www.indeed.com/company/Energy-Solutionss/jobs/Software-Engineer-2e2403f458d4e732?fccid=d1487c856e949724&vjs=3,"{'variables', 'release', 'schedule', 'algorithm', 'testing', 'play', 'machine-learning', 'workflow', 'business', 'big-data', 'software'}"
Software Engineer - Platform,https://www.indeed.com/rc/clk?jk=76ddcf435e07a36e&fccid=c594c442f5397e7b&vjs=3,"{'api', 'object-oriented-programming', 'git', 'databases', 'design', 'computer-science', 'support', 'testing', 'github', 'ruby', 'software'}"
newSoftware Engineer,https://www.indeed.com/company/CGTech/jobs/Software-Engineer-cca51a4387bd2516?fccid=fc047dbc5b47d656&vjs=3,"{'windows', 'mechanical-engineering', 'schedule', 'design', 'algorithm', 'java', 'computer-science', 'c', 'simulation', 'testing', '3d', 'debugging', 'computer-engineering', 'data-structures', 'business', 'computer-graphics', 'software'}"
Staff Machine Learning Engineer,https://www.indeed.com/rc/clk?jk=b7172e84fecec284&fccid=9784ae78e9834539&vjs=3,{}
Software Engineer - Front End (Mid Level) US-Remote - 19964,https://www.indeed.com/rc/clk?jk=416690cc43779144&fccid=aef928e89977f7f0&vjs=3,"{'design', 'git', 'css', 'engineering', 'typescript', 'testing', 'react', 'javascript', 'html', 'deployment', 'software'}"
newAssociate Software Engineer,https://www.indeed.com/company/Big-Room-Studios/jobs/Associate-Software-Engineer-bc5eb253f88882e1?fccid=67a3ca9d6a9b8844&vjs=3,"{'nodejs', 'schedule', 'design', 'testing', 'react', 'javascript', 'machine-learning', 'artificial-intelligence', 'database', 'software-engineering', 'software'}"
newStaff Site Reliability Engineer,https://www.indeed.com/rc/clk?jk=161c6231d971d13c&fccid=86e9be6ce380173e&vjs=3,"{'security', 'design', 'engineering', 'support', 'scalability', 'software', 'high-availability', 'deployment', 'monitoring', 'reliability-engineering'}"
newRobotics Software Engineer,"https://www.indeed.com/company/Sunfish,-Inc./jobs/Robotic-Software-Engineer-912e5030997d9c10?fccid=83ea973b3c41a774&vjs=3","{'schedule', 'continuous-integration', 'raspberry-pi', 'design', 'documentation', 'c', 'cpp', 'arduino', 'linux', 'data-processing', 'python', 'software'}"
Software Engineer,https://www.indeed.com/rc/clk?jk=9a9474f4e7f7a3dd&fccid=d3f4673f50ff265c&vjs=3,"{'mysql', 'databases', 'shell', 'linux', 'html', 'languages', 'software', 'analytics', 'design', 'mobile', 'react', 'css', 'database', 'software-engineering', 'azure', 'frontend', 'project-management', 'computer-science', 'business', 'perl', 'source-code', 'ruby', 'python', 'php', 'sql', 'nosql', 'user-interface'}"
"newSoftware Engineer, Catalog & Entitlements",https://www.indeed.com/rc/clk?jk=121ada722012f23a&fccid=645d83ee4cbe1d25&vjs=3,"{'design', 'databases', 'algorithm', 'java', 'spring', 'framework', 'computer-science', 'ecommerce', 'support', 'http', 'nosql', 'scalability', 'debugging', 'throughput', 'data-structures', 'linux', 'software-engineering', 'software'}"
newMachine Learning Engineer (Junior),https://www.indeed.com/rc/clk?jk=efa3f8ce83dd6538&fccid=96c432437b02a977&vjs=3,"{'security', 'git', 'deep-learning', 'testing', 'libraries', 'machine-learning', 'data-processing', 'software', 'anomaly-detection', 'deployment', 'software-engineering', 'engineering', 'natural-language-understanding', 'data-structures', 'collaboration', 'python', 'natural-language-processing', 'gaussian-process', 'visualization'}"
Associate Software Engineering Program,https://www.indeed.com/rc/clk?jk=6d8a2505e00ffe1b&fccid=3c74eafe288fc8ca&vjs=3,"{'buddy', 'design', 'mobile', 'java', 'algorithm-design', 'computer-science', 'c', 'play', 'interaction', 'data-structures', 'artificial-intelligence', 'big-data', 'database'}"
Associate Software Engineer,https://www.indeed.com/rc/clk?jk=1aa3ab3a11f72004&fccid=deb234f9dd3edcea&vjs=3,"{'nodejs', 'angular', 'node.js', 'cypress', 'finance', 'design', 'engineering', 'code-review', 'testing', 'react', 'support', 'jest', 'javascript', 'deployment', 'collaboration', 'business', 'software'}"
"newSoftware Engineer, .NET",https://www.indeed.com/rc/clk?jk=7651fec9908a2262&fccid=645d83ee4cbe1d25&vjs=3,"{'api', 'c', 'testing', 'html', 'languages', 'software', 'communications', 'finance', 'docker', 'java', 'react', 'css', 'information-retrieval', 'vue', 'asp.net', 'azure', 'graphql', 'programming-language', '.net', 'business', 'node.js', 'http', 'nosql', 'javascript'}"
Staff Software Engineer (1 of 2),https://www.indeed.com/rc/clk?jk=0d182ff4928ca230&fccid=0bed8e17bc113980&vjs=3,"{'security', 'c', 'deep-learning', 'testing', 'machine-learning', 'languages', 'software', 'continuous-deployment', 'java', 'artificial-intelligence', 'deployment', 'software-engineering', 'cluster-management', 'documentation', 'engineering', 'computer-science', 'collaboration', 'computer-vision', 'python', 'airflow', 'natural-language-processing', 'cpp', 'support'}"
newSoftware and Robotics Engineer,https://www.indeed.com/company/Levatas/jobs/Software-Robotic-Engineer-917756a6795870d5?fccid=83517b19771b1b41&vjs=3,"{'robot', 'docker', 'azure', 'design', 'css', 'support', 'html', 'javascript', 'machine-learning', 'artificial-intelligence', 'python', 'software'}"
Computer Engineer,https://www.indeed.com/company/VoXt-Enterprises/jobs/Computer-Engineer-2c8b817ea2bceafa?fccid=a0bf006a2630f99e&vjs=3,"{'business', 'schedule', 'java', 'software'}"
"newSenior Software Engineer, Tools",https://www.indeed.com/rc/clk?jk=788ca4b4b485467d&fccid=645d83ee4cbe1d25&vjs=3,"{'communications', 'design', 'databases', 'sql', 'framework', 'code-review', 'c', 'computer-science', 'play', 'software'}"
newSOFTWARE ENGINEER (REMOTE),https://www.indeed.com/rc/clk?jk=9b77bb24e4cc2fd4&fccid=3d30677097704d8f&vjs=3,"{'release', 'git', 'c', 'testing', 'jenkins', 'linux', 'workflow', 'operating-systems', 'languages', 'software', 'polymer', 'docker', 'analytics', 'design', 'java', 'clojure', 'database', 'azure', 'devops', 'engineering', 'computer-science', 'interaction', 'business', 'datadog', 'python', 'airflow', 'sql', 'systems-engineering', 'support', 'nosql', 'javascript', 'data-science'}"
Software Engineer Manager,https://www.indeed.com/company/Bamboo-Consulting/jobs/Software-Engineer-Manager-3062db6f8336084c?fccid=59614ece980d2294&vjs=3,"{'security', 'software', 'docker', 'design', 'framework', 'react', 'deployment', 'software-engineering', 'azure', 'engineering', 'ecommerce', 'bamboo', 'monitoring', 'business', 'workload', 'support', 'http', 'scalability', 'redux'}"
Software Engineer- Contract,https://www.indeed.com/rc/clk?jk=b08b1cc49d6cbf52&fccid=750bb2e27e97e3c1&vjs=3,"{'windows', 'api', 'security', 'testing', 'game-development', 'linux', 'workflow', 'xml', 'languages', 'software', 'design', 'google', 'react', 'css', 'data-quality', 'server', 'engineering', 'computer-science', 'rails', 'business', 'operating-system', 'ruby', 'schedule', 'sql', 'support', 'play', 'javascript'}"
newExperienced Software Developer/Engineer,"https://www.indeed.com/company/Counterpointe-Solutions,-Inc./jobs/Experienced-Software-Developer-Engineer-7ecf68c5669cee0e?fccid=bb3a19de4a6a25dd&vjs=3","{'angular', 'confluence', 'git', 'jenkins', 'languages', 'software', 'hibernate', 'communications', 'design', 'java', 'bitbucket', 'typescript', 'specification', 'component', 'computer-science', 'collaboration', 'business', 'maven', 'jira', 'schedule', 'cucumber', 'support', 'javascript'}"
Staff Software Engineer,https://www.indeed.com/rc/clk?jk=4132713af535361e&fccid=cad479527d6e2d4e&vjs=3,"{'azure', 'design', 'analytics', 'tableau', 'unity', 'algorithm', 'engineering', 'support', 'ruby', 'rails', 'javascript', 'software-engineering', 'python', 'software'}"
newSoftware Engineer Python,https://www.indeed.com/rc/clk?jk=a86a94b884a3fd36&fccid=9bc757961edf0188&vjs=3,"{'release', 'schedule', 'docker', 'analytics', 'databases', 'java', 'programming-language', 'google', 'computer-science', 'simulation', 'support', 'c', 'cpp', 'domain-knowledge', 'rust', 'scala', 'python', 'software'}"
Junior Software Engineer,https://www.indeed.com/company/Giant-Partners/jobs/Junior-Software-Engineer-5b640c8b9d6c2a24?fccid=b78b50d698c1c915&vjs=3,"{'advertising', 'code-quality', 'continuous-integration', 'schedule', 'design', 'databases', 'css', 'java', 'engineering', 'marketing', 'testing', 'crm', 'rails', 'javascript', 'html', 'business', 'ruby', 'software'}"
Software Engineer II,https://www.indeed.com/rc/clk?jk=460876ccbdb5e4b9&fccid=2a90b491c8a55d0f&vjs=3,"{'angular', 'security', 'mysql', 'git', 'shell', 'linux', 'machine-learning', 'software', 'hibernate', 'relational-database', 'analytics', 'java', 'framework', 'gradle', 'artificial-intelligence', 'big-data', 'documentation', 'spring', 'computer-science', 'collaboration', 'business', 'operating-system', 'python', 'telecommunications', 'simulation', 'support', 'play'}"
"Software Engineer, Backend",https://www.indeed.com/company/Calm/jobs/Software-Engineer-b0d88c171c842ae1?fccid=e32821fd776ddd40&vjs=3,"{'mobile', 'ios', 'engineering', 'android', 'scalability', 'software-engineering'}"
Staff Software Development Engineer,https://www.indeed.com/company/VIAVI-Solutions/jobs/Staff-Software-Development-Engineer-6e102671f7dc00e2?fccid=e5f32920c98e523d&vjs=3,"{'windows', 'schedule', 'visual-studio', 'mobile', 'c', 'cpp', 'play', 'business', 'python', 'languages', 'software'}"
SW Engineer (Software Development Engineer in Test),https://www.indeed.com/rc/clk?jk=c114cc5eb0e606a1&fccid=dd09fe3b43125016&vjs=3,"{'databases', 'c', 'testing', 'machine-learning', 'operating-systems', 'languages', 'software', 'design', 'java', 'debugging', 'artificial-intelligence', 'server', 'documentation', 'engineering', 'computer-science', 'business', 'perl', 'source-code', 'python', 'javascript'}"
newSoftware Engineer ( Entry Level),https://www.indeed.com/company/Attratusit/jobs/Software-Engineer-2eba323c1c666b94?fccid=d490e25287fabf8f&vjs=3,"{'paypal', 'schedule', 'electrical-engineering', 'java', 'programming-language', 'computer-science', 'c', 'support', 'computer-engineering', 'spring-boot', 'python', 'software'}"
Software Engineer,https://www.indeed.com/rc/clk?jk=f8b5374e5ff6ebb5&fccid=87f4318504cb0e3f&vjs=3,"{'analytics', 'big-data', 'software', 'design'}"
newSr. Software Test Engineer,https://www.indeed.com/rc/clk?jk=0830b56980283243&fccid=f33adcecbae03a00&vjs=3,"{'release', 'azure', 'design', 'documentation', 'sql', 'devops', 'computer-science', 'c', 'testing', 'support', 'segment', 'postman', 'selenium', 'business', 'database-design', 'software-engineering', 'software'}"
newSr. Frontend React.js Engineer (Remote),https://www.indeed.com/rc/clk?jk=30eb64005508d985&fccid=0e72d85f77b58807&vjs=3,"{'design', 'framework', 'engineering', 'react', 'data-visualization', 'javascript', 'redux', 'ruby', 'software'}"
Software Engineer,https://www.indeed.com/company/Epicor-Software/jobs/Software-Engineer-63ae691e3801677f?fccid=a60f35837f0c9b74&vjs=3,"{'schedule', 'design', 'django', 'django-rest-framework', 'postgresql', 'business', 'python', 'software'}"
Software Engineer,https://www.indeed.com/company/Feedbyme/jobs/Software-Engineer-a3828fdc9cfd416e?fccid=9be9b918c4cb1610&vjs=3,{'schedule'}
Software Engineer (Level 2),https://www.indeed.com/rc/clk?jk=35844b321e687517&fccid=aeb15e43a6800b9d&vjs=3,"{'windows', 'server', 'design', 'java', 'c', 'cpp', 'testing', 'play', 'linux', 'business', 'operating-systems', 'python', 'languages', 'software'}"
newSoftware Engineer (Remote),"https://www.indeed.com/company/Genius-Central-Systems,-Inc./jobs/Software-Engineer-6a7c8ae664c35f98?fccid=6898677fa8219416&vjs=3","{'aws-codedeploy', 'task-management', 'angular', 'api', 'security', 'monitoring-tools', 'databases', 'c', 'testing', 'aws-codebuild', 'rest-api', 'software', 'design', 'framework', 'typescript', 'deployment', 'github', 'software-engineering', 'engineering', 'data-structures', 'business', 'schedule', 'continuous-integration', 'support', 'material-design', 'scalability', 'slack', 'javascript'}"
newSoftware Engineer,https://www.indeed.com/rc/clk?jk=d7707655258ae90f&fccid=3b89b9ec324f96c8&vjs=3,{}
Mobile App Developer Software Engineer,https://www.indeed.com/company/QC-Manufacturing-Inc./jobs/Mobile-Application-Developer-Software-Engineer-0967ec9d96345724?fccid=4f060b42567736b6&vjs=3,"{'release', 'mysql', 'databases', 'c', 'testing', 'android', 'html', 'xml', 'operating-systems', 'languages', 'color-vision', 'software', 'design', 'mobile', 'java', 'framework', 'dotnet', 'debugging', 'software-engineering', 'server', 'documentation', 'xcode', 'ios', 'project-management', 'computer-science', 'engineering', 'php', 'schedule', 'sql', 'support', 'javascript', 'android-studio', 'swift'}"
Software Engineer,https://www.indeed.com/rc/clk?jk=37b69c2623912fe1&fccid=25b5166547bbf543&vjs=3,{}
newFront End Web Developer (PHP/MySQL),"https://www.indeed.com/company/Advanced-Technologies-Central,-LLC/jobs/Front-End-Web-Developer-fff2330cec397d2d?fccid=49e6493983fc9eac&vjs=3",{}
newSoftware Engineer,https://www.indeed.com/company/Express-Global-Solutions-LLC/jobs/Software-Engineer-a45471bc37e98f5a?fccid=56638474b2f87df8&vjs=3,{}
Software Engineer,https://www.indeed.com/company/Nava/jobs/Software-Engineer-14d6731c7e51d4d5?fccid=32714241eb45753a&vjs=3,{}
SOFTWARE / FIRMWARE ENGINEER,https://www.indeed.com/rc/clk?jk=b5b9490e5be798d4&fccid=d323ccfd483659f4&vjs=3,{}
"newSoftware Engineer (Mainframe, IMS, COBOL, JCL)",https://www.indeed.com/rc/clk?jk=a91c564570c9c56d&fccid=614604a6208fa23b&vjs=3,{}
newSoftware Engineer,https://www.indeed.com/rc/clk?jk=0239395b3d11508e&fccid=5fa113e7b40ec663&vjs=3,{}
newSoftware Development Engineer 3 (SAP),https://www.indeed.com/rc/clk?jk=c66f11d108bc3dc0&fccid=e491de4661eaba06&vjs=3,{}
"Software Test Development Engineer , Level TBD",https://www.indeed.com/company/Metronom-Health/jobs/Software-Test-Development-Engineer-4a79c9766a6c04c1?fccid=627f43dcf1b09576&vjs=3,{}
newSoftware Engineer,https://www.indeed.com/rc/clk?jk=64eb3f0691e16249&fccid=71147e0539a0a1b7&vjs=3,{}
Front End Engineer,https://www.indeed.com/rc/clk?jk=03a383ffa9c91115&fccid=137ffff9131bb98c&vjs=3,{}
"Engineer, Software - (Bellevue/ Bothell WA - Multiple Openin...",https://www.indeed.com/rc/clk?jk=b2dce7917a449066&fccid=d124dbfd3785b597&vjs=3,{}
newSoftware Development Engineer Associate,https://www.indeed.com/rc/clk?jk=8751b00bf000d492&fccid=a892c8c946e25608&vjs=3,{}
Web Developer,https://www.indeed.com/rc/clk?jk=bcb34141a0f020e0&fccid=240491720be793b8&vjs=3,{}
newSoftware Engineer,https://www.indeed.com/rc/clk?jk=ac914048ad81b992&fccid=e24a60f01d1882d1&vjs=3,{}
Entry Level Software Engineer,https://www.indeed.com/rc/clk?jk=121f1fa37c14de5e&fccid=535f108e774016a4&vjs=3,{}
"Associate Game Producer, Narrative & Content - World of Warc...",https://www.indeed.com/rc/clk?jk=b226fc3f17b87a4e&fccid=645d83ee4cbe1d25&vjs=3,{}
Software Engineer,https://www.indeed.com/company/Antai-Global-Inc./jobs/Software-Engineer-97d506756bb45628?fccid=0b6ba78b3a4b9e65&vjs=3,{}
Software Engineer (Jr. / I / II ) - Multiple Openings,https://www.indeed.com/rc/clk?jk=76f03fea87059c3c&fccid=ee7d98e98782cb1d&vjs=3,{}
Embedded Software Engineer,https://www.indeed.com/company/Skyloom-Global/jobs/Embedded-Software-Engineer-09fcfe2833ce00d7?fccid=a1dfe907579db11c&vjs=3,{}
Software Engineer (Contract),https://www.indeed.com/rc/clk?jk=85e050c66e5e5943&fccid=2df328515f0f304b&vjs=3,{}
Software Engineer,https://www.indeed.com/company/Metalenz/jobs/Software-Engineer-e1d5f63722ac6eb6?fccid=a8201268f8012d3f&vjs=3,{}
newSoftware Engineer,https://www.indeed.com/rc/clk?jk=d6368a22cfffc2d5&fccid=78bbcd26e39621f5&vjs=3,{}
Sr Frontend Engineer,https://www.indeed.com/rc/clk?jk=e5fe9e2d0466ed40&fccid=66403b30a2c0d89c&vjs=3,{}
"newEntry Level Software Engineer (Ball Ground, GA)",https://www.indeed.com/company/Frontier-Jobs/jobs/Entry-Level-Software-Engineer-17934cc25dd96b6e?fccid=31c4bbf029c77f4e&vjs=3,{}
"Software Engineer, Frontend/UI (open to remote)",https://www.indeed.com/rc/clk?jk=2eb3567bb6314950&fccid=e3ab92cfb41ef750&vjs=3,{}
newBackend Software Engineer,https://www.indeed.com/company/Advanced-Tech-Placement/jobs/Backend-Software-Engineer-8fad7422c6c22b66?fccid=375e9085c1e98a84&vjs=3,{}
Software Developer,https://www.indeed.com/company/Geeks-Unleashed/jobs/Software-Developer-5b28507afa07a8b3?fccid=7e17134890efa2c0&vjs=3,{}
newJr. Software Engineer,https://www.indeed.com/rc/clk?jk=a8bec05bdd7a60f1&fccid=1f635e1d80efae62&vjs=3,{}
Software Engineer (Remote) *Accepting Applicants Year Round*,https://www.indeed.com/rc/clk?jk=f422a82eb5da75d3&fccid=293109d962163a84&vjs=3,{}
newSoftware Development Engineer in Test,https://www.indeed.com/company/Neutrosys-Inc/jobs/Software-Development-Engineer-Test-c2f905f0b6e62cd2?fccid=055c701e6db412d5&vjs=3,{}
